# WELL TRACE FROM PETREL 
# WELL NAME:              100042209506W400
# DEFINITIVE SURVEY:      P121P1 Definitive Survey
# WELL HEAD X-COORDINATE: 505177.06000000 (m)
# WELL HEAD Y-COORDINATE: 6344265.85400000 (m)
# WELL DATUM (KB, KB, from MSL): 597.40000000 (m)
# WELL TYPE:              OIL
# MD AND TVD ARE REFERENCED (=0) AT WELL DATUM AND INCREASE DOWNWARDS
# ANGLES ARE GIVEN IN DEGREES
# XYZ TRACE IS GIVEN IN COORDINATE SYSTEM UTM83-12 ("MENTOR:UTM83-12:NAD83 UTM, Zone 12 North, Meter") [SIS,502388]
# AZIM_TN: azimuth in True North 
# AZIM_GN: azimuth in Grid North 
# DX DY ARE GIVEN IN GRID NORTH IN m-UNITS
# DEPTH (Z, tvd_z) GIVEN IN m-UNITS
#===============================================================================================================================================
      MD            X            Y            Z           TVD           DX          DY        AZIM_TN        INCL         DLS        AZIM_GN
#===============================================================================================================================================
 0.0000000000 505177.06000 6344265.8540 597.40000000 0.0000000000 0.0000000264 -0.000000003 0.0000000000 0.0000000000 0.0000000000 359.92786397
 9.2000000000 505177.06000 6344265.8540 588.20000000 9.2000000000 0.0000000264 -0.000000003 0.0000000000 0.0000000000 0.0000000000 359.92786397
 12.605000000 505177.06226 6344265.8585 584.79500500 12.604995004 0.0022552537 0.0045177788 26.600000000 0.1700000000 1.4977973568 26.527863974
 16.010000000 505177.06902 6344265.8721 581.39003997 16.009960032 0.0090209144 0.0180710871 26.600000000 0.3400000000 1.4977973568 26.527863974
 21.030000000 505177.07835 6344265.8984 576.37011811 21.029881891 0.0183492211 0.0443693204 11.734570719 0.3025959914 0.5439802124 11.662434694
 26.050000000 505177.07974 6344265.9240 571.35018421 26.049815791 0.0197351679 0.0699796285 354.23000000 0.2900000000 0.5439802124 354.15786397
 30.765000000 505177.06823 6344265.9548 566.63530391 30.764696090 0.0082250406 0.1008186229 331.58531218 0.5248573631 1.7841039518 331.51317615
 35.480000000 505177.03855 6344265.9999 561.92061750 35.479382496 -0.021448766 0.1458726162 323.46000000 0.7900000000 1.7841039518 323.38786397
 40.180000000 505176.99643 6344266.0667 557.22128961 40.178710388 -0.063573624 0.2126616221 330.86012114 1.1399834085 2.3667788552 330.78798511
 44.880000000 505176.94732 6344266.1630 552.52254363 44.877456370 -0.112682674 0.3090361208 334.75000000 1.5000000000 2.3667788552 334.67786397
 49.560000000 505176.88879 6344266.3035 547.84505397 49.554946031 -0.171208628 0.4495265838 339.27543515 2.2314846556 4.7795471618 339.20329912
 54.240000000 505176.81797 6344266.5036 543.16990557 54.230094432 -0.242026233 0.6495945128 341.56000000 2.9700000000 4.7795471618 341.48786397
 56.620000000 505176.77528 6344266.6334 540.79384647 56.606153528 -0.284719691 0.7793849995 342.11375297 3.6148825484 8.1385559916 342.04161695
 59.000000000 505176.72548 6344266.7890 538.41947668 58.980523323 -0.334521147 0.9349697214 342.50000000 4.2600000000 8.1385559916 342.42786397
 67.000000000 505176.53372 6344267.3754 530.44333491 66.956665089 -0.526280691 1.5213985238 341.46771142 4.5903576668 1.2742888222 341.39557540
 75.000000000 505176.31712 6344268.0021 522.47089240 74.929107602 -0.742876210 2.1480623409 340.57400000 4.9220000000 1.2742888222 340.50186397
 75.920000000 505176.29062 6344268.0767 521.55431120 75.845688796 -0.769375809 2.2227057312 340.47928164 4.9599933585 1.2671524648 340.40714561
 76.840000000 505176.26380 6344268.1519 520.63778277 76.762217234 -0.796202057 2.2978778379 340.38600000 4.9980000000 1.2671524648 340.31386397
 83.830000000 505176.04926 6344268.7404 513.67593456 83.724065435 -1.010737285 2.8863684656 339.71826971 5.2886800204 1.2737114173 339.64613368
 90.820000000 505175.81579 6344269.3595 506.71735887 90.682641129 -1.244214947 3.5055235708 339.12000000 5.5800000000 1.2737114173 339.04786397
 95.545000000 505175.63269 6344269.8091 502.01741019 95.382589807 -1.427311241 3.9551128801 336.83074490 6.2209933587 4.3346362484 336.75860888
 100.27000000 505175.41187 6344270.3001 497.32322914 100.07677086 -1.648134471 4.4460613439 334.97000000 6.8700000000 4.3346362484 334.89786397
 104.91500000 505175.15351 6344270.8391 492.71694948 104.68305052 -1.906494321 4.9850978591 334.02453189 7.9241836642 6.8535154019 333.95239586
 109.56000000 505174.84973 6344271.4502 488.12246201 109.27753799 -2.210274847 5.5961936191 333.30000000 8.9800000000 6.8535154019 333.22786397
 112.69666667 505174.62133 6344271.9087 485.02796801 112.37203199 -2.438666565 6.0547034182 333.86183559 9.8259432444 8.1382448309 333.78969956
 115.83333333 505174.37709 6344272.4103 481.94138112 115.45861888 -2.682908469 6.5562762273 334.33536343 10.672667306 8.1382448309 334.26322740
 118.97000000 505174.11705 6344272.9548 478.86338207 118.53661793 -2.942946689 7.1008014269 334.74000000 11.520000000 8.1382448309 334.66786397
 122.13000000 505173.84083 6344273.5495 475.77224580 121.62775420 -3.219174398 7.6954514841 335.54211795 12.441424045 8.8891666185 335.46998193
 125.29000000 505173.55201 6344274.1929 472.69207076 124.70792924 -3.507986661 8.3389490452 336.23512433 13.364889315 8.8891666185 336.16298830
 128.45000000 505173.25069 6344274.8851 469.62367955 127.77632045 -3.809306348 9.0311222579 336.84000000 14.290000000 8.8891666185 336.76786397
 131.57666667 505172.94135 6344275.6195 466.60039183 130.79960817 -4.118648227 9.7655168148 337.59649804 15.254552343 9.4378174881 337.52436202
 134.70333333 505172.62199 6344276.4048 463.59096987 133.80903013 -4.438007211 10.550767666 338.26492802 16.221345071 9.4378174881 338.19279199
 137.83000000 505172.29271 6344277.2406 460.59630061 136.80369939 -4.767289180 11.386643386 338.86000000 17.190000000 9.4378174881 338.78786397
 140.98666667 505171.94838 6344278.1341 457.58851151 139.81148849 -5.111617047 12.280077469 339.12425167 18.139689617 9.0576542735 339.05211564
 144.14333333 505171.59030 6344279.0755 454.59701476 142.80298524 -5.469700354 13.221473697 339.36304600 19.089705079 9.0576542735 339.29090998
 147.30000000 505171.21856 6344280.0646 451.62263808 145.77736192 -5.841440021 14.210571595 339.58000000 20.040000000 9.0576542735 339.50786397
 150.45333333 505170.83101 6344281.1016 448.67022951 148.72977049 -6.228991627 15.247559313 339.58000000 21.083333333 9.9260042283 339.50786397
 153.60666667 505170.42471 6344282.1887 445.73847614 151.66152386 -6.635291420 16.334712326 339.58000000 22.126666667 9.9260042283 339.50786397
 156.76000000 505169.99980 6344283.3257 442.82835009 154.57164991 -7.060204681 17.471670154 339.58000000 23.170000000 9.9260042283 339.50786397
 159.85666667 505169.56874 6344284.4881 439.99095450 157.40904550 -7.491255055 18.634126125 339.86861074 24.052845698 8.6258469678 339.79647472
 162.95333333 505169.12841 6344285.6936 437.17301199 160.22698801 -7.931593866 19.839586989 340.13795262 24.936196360 8.6258469678 340.06581660
 166.05000000 505168.67889 6344286.9418 434.37520307 163.02479693 -8.381114776 21.087761645 340.39000000 25.820000000 8.6258469678 340.31786397
 170.69500000 505167.98141 6344288.8798 430.21233385 167.18766615 -9.078587632 23.025826963 340.17254182 26.849845117 6.6804210308 340.10040579
 175.34000000 505167.25137 6344290.8853 426.08717813 171.31282187 -9.808625010 25.031302363 339.97000000 27.880000000 6.6804210308 339.89786397
 180.00500000 505166.48377 6344292.9375 421.96922420 175.43077580 -10.57623165 27.083494832 339.16230952 28.172675597 3.0820268788 339.09017349
 184.67000000 505165.67989 6344294.9985 417.86261115 179.53738885 -11.38010671 29.144489245 338.37000000 28.470000000 3.0820268788 338.29786397
 187.85333333 505165.11337 6344296.4281 415.07573880 182.32426120 -11.94663104 30.574146708 338.53852559 29.329804930 8.1391381097 338.46638956
 191.03666667 505164.53571 6344297.8982 412.31226851 185.08773149 -12.52428689 32.044170392 338.69828157 30.189810528 8.1391381097 338.62614554
 194.22000000 505163.94706 6344299.4082 409.57282817 187.82717183 -13.11294301 33.554226295 338.85000000 31.050000000 8.1391381097 338.77786397
 197.34333333 505163.35506 6344300.9299 406.91072957 190.48927043 -13.70494224 35.075940774 338.77974764 32.016631035 9.2913128772 338.70761162
 200.46666667 505162.74500 6344302.4926 404.27656708 193.12343292 -14.31499863 36.638550111 338.71318714 32.983298757 9.2913128772 338.64105112
 203.59000000 505162.11706 6344304.0956 401.67109153 195.72890847 -14.94293829 38.241608920 338.65000000 33.950000000 9.2913128772 338.57786397
 206.71666667 505161.47416 6344305.7446 399.09414811 198.30585189 -15.58584158 39.890632704 338.89238977 35.036223577 10.505059074 338.82025375
 209.84333333 505160.82061 6344307.4416 396.55124099 200.84875901 -16.23939086 41.587570796 339.12201276 36.122903784 10.505059074 339.04987674
 212.97000000 505160.15665 6344309.1858 394.04329869 203.35670131 -16.90334749 43.331803575 339.34000000 37.210000000 10.505059074 339.26786397
 217.60500000 505159.13665 6344311.8348 390.38019160 207.01980840 -17.92335128 45.980806135 338.69402040 38.358315569 7.8614573588 338.62188438
 222.24000000 505158.06065 6344314.5402 386.77481753 210.62518247 -18.99935248 48.686196980 338.08000000 39.510000000 7.8614573588 338.00786397
 225.36666667 505157.30013 6344316.3990 384.37922654 213.02077346 -19.75986504 50.545048671 337.56744918 40.464540165 9.6885540227 337.49531316
 228.49333333 505156.50801 6344318.2877 382.01747929 215.38252071 -20.55199125 52.433731407 337.07455926 41.421257416 9.6885540227 337.00242323
 231.62000000 505155.68451 6344320.2057 379.69030932 217.70969068 -21.37548511 54.351658593 336.60000000 42.380000000 9.6885540227 336.52786397
 234.71000000 505154.83833 6344322.1319 377.42803135 219.97196865 -22.22166552 56.277875876 336.11785784 43.488104391 11.220780260 336.04572181
 237.80000000 505153.95853 6344324.0906 375.20691665 222.19308335 -23.10146866 58.236621495 335.65500202 44.598153553 11.220780260 335.58286599
 240.89000000 505153.04546 6344326.0811 373.02786895 224.37213105 -24.01453658 60.227098482 335.21000000 45.710000000 11.220780260 335.13786397
 244.10000000 505152.06447 6344328.1817 370.80873145 226.59126855 -24.99553456 62.327702042 334.87153600 46.819060967 10.614023203 334.79939997
 247.31000000 505151.05309 6344330.3150 368.63492137 228.76507863 -26.00691419 64.461001252 334.54515564 47.929084011 10.614023203 334.47301961
 250.52000000 505150.01172 6344332.4802 366.50729279 230.89270721 -27.04827810 66.626157964 334.23000000 49.040000000 10.614023203 334.15786397
 253.64333333 505148.98030 6344334.6256 364.48648105 232.91351895 -28.07970090 68.771557879 334.55835962 50.325799257 12.582177430 334.48622360
 256.76666667 505147.94180 6344336.8172 362.51963512 234.88036488 -29.11820168 70.963158921 334.87471235 51.612489400 12.582177430 334.80257632
 259.89000000 505146.89676 6344339.0538 360.60778305 236.79221695 -30.16323764 73.199815571 335.18000000 52.900000000 12.582177430 335.10786397
 262.94666667 505145.86838 6344341.2811 358.78576545 238.61423455 -31.19162233 75.427105526 335.39540481 53.919632085 10.150227527 335.32326879
 266.00333333 505144.83495 6344343.5413 357.00771753 240.39228247 -32.22505300 77.687323184 335.60529298 54.939639741 10.150227527 335.53315695
 269.06000000 505143.79681 6344345.8337 355.27421855 242.12578145 -33.26319295 79.979732169 335.81000000 55.960000000 10.150227527 335.73786397
 272.09000000 505142.76622 6344348.1367 353.59802833 243.80197167 -34.29377985 82.282747333 336.11614757 56.865946332 9.3183966458 336.04401154
 275.12000000 505141.73726 6344350.4691 351.96197296 245.43802704 -35.32274407 84.615139032 336.41603723 57.772626112 9.3183966458 336.34390121
 278.15000000 505140.71019 6344352.8303 350.36649385 247.03350615 -36.34980798 86.976277946 336.71000000 58.680000000 9.3183966458 336.63786397
 282.80000000 505139.12110 6344356.4935 347.98639479 249.41360521 -37.93889516 90.639479085 336.53310238 59.744883699 6.9398188204 336.46096636
 287.45000000 505137.50339 6344360.1917 345.68095377 251.71904623 -39.55660721 94.337692446 336.36000000 60.810000000 6.9398188204 336.28786397
 290.57666667 505136.39300 6344362.6959 344.17576793 253.22423207 -40.66700013 96.841946010 335.96059401 61.635539408 8.6037060714 335.88845799
 293.70333333 505135.25650 6344365.2120 342.71025089 254.68974911 -41.80349977 99.357970048 335.56735867 62.462224764 8.6037060714 335.49522265
 296.83000000 505134.09417 6344367.7391 341.28476158 256.11523842 -42.96582776 101.88514831 335.18000000 63.290000000 8.6037060714 335.10786397
 301.40500000 505132.36966 6344371.4625 339.26507730 258.13492270 -44.69034092 105.60852401 335.26068839 64.314978187 6.7379140295 335.18855236
 305.98000000 505130.63549 6344375.2205 337.31914903 260.08085097 -46.42451146 109.36649937 335.34000000 65.340000000 6.7379140295 335.26786397
 309.05333333 505129.47442 6344377.7707 336.05920540 261.34079460 -47.58558088 111.91665749 335.84357200 66.255088295 9.9945566786 335.77143597
 312.12666667 505128.32761 6344380.3489 334.84423076 262.55576924 -48.73238808 114.49491806 336.34011069 67.171785094 9.9945566786 336.26797466
 315.20000000 505127.19543 6344382.9545 333.67461310 263.72538690 -49.86456683 117.10045774 336.83000000 68.090000000 9.9945566786 336.75786397
 318.28333333 505126.07770 6344385.5968 332.54818897 264.85181103 -50.98229827 119.74278624 337.45451272 69.054469654 10.956869916 337.38237669
 321.36666667 505124.98160 6344388.2682 331.47029345 265.92970655 -52.07839947 122.41424140 338.07101928 70.021182764 10.956869916 337.99888326
 324.45000000 505123.90755 6344390.9678 330.44134292 266.95865708 -53.15244703 125.11379128 338.68000000 70.990000000 10.956869916 338.60786397
 327.51333333 505122.85201 6344393.6753 329.47585719 267.92414281 -54.20799217 127.82128512 338.86588609 72.266499289 12.619890003 338.79375007
 330.57666667 505121.79770 6344396.4055 328.57537868 268.82462132 -55.26229701 130.55154958 339.04914162 73.543171065 12.619890003 338.97700559
 333.64000000 505120.74517 6344399.1572 327.74036286 269.65963714 -56.31482825 133.30320363 339.23000000 74.820000000 12.619890003 339.15786397
 336.73000000 505119.67076 6344401.9467 326.96258980 270.43741020 -57.38924457 136.09269395 338.78552833 76.022559755 12.399773055 338.71339230
 339.82000000 505118.56910 6344404.7424 326.24777032 271.15222968 -58.49089530 138.88838372 338.34567876 77.225919269 12.399773055 338.27354273
 342.91000000 505117.44077 6344407.5429 325.59625960 271.80374040 -59.61923305 141.68888387 337.91000000 78.430000000 12.399773055 337.83786397
 345.03000000 505116.65458 6344409.4674 325.18531124 272.21468876 -60.40541723 143.61343761 337.79419836 79.215478602 11.230915934 337.72206234
 347.15000000 505115.86245 6344411.3954 324.80291338 272.59708662 -61.19754513 145.54143098 337.67900000 80.001000000 11.230915934 337.60686397
 349.64500000 505114.92280 6344413.6684 324.38954509 273.01045491 -62.13719704 147.81436514 337.54415334 80.925475413 11.230350550 337.47201732
 352.14000000 505113.97538 6344415.9449 324.01593034 273.38406966 -63.08462018 150.09094706 337.41000000 81.850000000 11.230350550 337.33786397
 356.91000000 505112.13365 6344420.2969 323.38093135 274.01906865 -64.92634629 154.44285588 336.85879568 82.849673974 7.1647941714 336.78665965
 361.68000000 505110.24611 6344424.6404 322.82853569 274.57146431 -66.81388726 158.78638658 336.31000000 83.850000000 7.1647941714 336.23786397
 366.29500000 505108.38692 6344428.8330 322.33191578 275.06808422 -68.67308270 162.97901228 336.00503183 83.794912769 2.0032132671 335.93289581
 370.91000000 505106.50563 6344433.0152 321.83089172 275.56910828 -70.55437375 167.16124513 335.70000000 83.740000000 2.0032132671 335.62786397
 375.73000000 505104.53324 6344437.3791 321.30113572 276.09886428 -72.52675531 171.52508688 335.79998055 83.639990393 0.8775112126 335.72784452
 380.55000000 505102.56886 6344441.7455 320.76301900 276.63698100 -74.49113536 175.89151491 335.90000000 83.540000000 0.8775112126 335.82786397
 385.08000000 505100.73044 6344445.8521 320.25197536 277.14802464 -76.32955791 179.99806315 336.00999235 83.504988132 0.7600091467 335.93785632
 389.61000000 505098.90003 6344449.9618 319.73818226 277.66181774 -78.15996576 184.10784751 336.12000000 83.470000000 0.7600091467 336.04786397
 394.31500000 505097.01181 6344454.2360 319.20392642 278.19607358 -80.04819455 188.38203668 336.35500936 83.489945712 1.4941960531 336.28287333
 399.02000000 505095.14105 6344458.5181 318.67130235 278.72869765 -81.91895132 192.66410506 336.59000000 83.510000000 1.4941960531 336.51786397
 403.70500000 505093.29408 6344462.7904 318.15333511 279.24666489 -83.76591625 196.93637140 336.79511087 83.794960593 2.2435604077 336.72297484
 408.39000000 505091.46143 6344467.0715 317.65853539 279.74146461 -85.59857450 201.21753332 337.00000000 84.080000000 2.2435604077 336.92786397
 413.10000000 505089.61882 6344471.3770 317.17417628 280.22582372 -87.44118456 205.52296250 336.80498772 84.114966156 1.2554436308 336.73285170
 417.81000000 505087.76145 6344475.6764 316.69267919 280.70732081 -89.29855393 209.82236633 336.61000000 84.150000000 1.2554436308 336.53786397
 422.50000000 505085.90232 6344479.9542 316.22076111 281.17923889 -91.15767848 214.10017344 336.55498563 84.299997391 1.0213561872 336.48284960
 427.19000000 505084.03860 6344484.2313 315.76106072 281.63893928 -93.02139551 218.37731145 336.50000000 84.450000000 1.0213561872 336.42786397
 431.95500000 505082.17112 6344488.5875 315.28839711 282.11160289 -94.88888318 222.73345443 337.23462635 84.164523171 4.9408300751 337.16249033
 436.72000000 505080.36058 6344492.9650 314.79215404 282.60784596 -96.69941706 227.11096866 337.97000000 83.880000000 4.9408300751 337.89786397
 441.23500000 505078.71097 6344497.1356 314.28881695 283.11118305 -98.34903156 231.28156096 339.01380361 83.318898842 7.8360569690 338.94166759
 445.75000000 505077.13949 6344501.3307 313.74164969 283.65835031 -99.92051136 235.47673823 340.06000000 82.760000000 7.8360569690 339.98786397
 450.39000000 505075.60453 6344505.6665 313.14397399 284.25602601 -101.4554729 239.81248787 341.09423273 82.438780639 6.9487602245 341.02209670
 455.03000000 505074.14921 6344510.0260 312.52060827 284.87939173 -102.9107878 244.17202303 342.13000000 82.120000000 6.9487602245 342.05786397
 459.64000000 505072.77952 6344514.3802 311.88792700 285.51207300 -104.2804845 248.52616966 343.08996514 82.103905646 6.1888376111 343.01782912
 464.25000000 505071.48301 6344518.7565 311.25405025 286.14594975 -105.5769908 252.90249466 344.05000000 82.090000000 6.1888376111 343.97786397
 467.46333333 505070.62727 6344521.8202 310.80854506 286.59145494 -106.4327334 255.96622855 344.88285123 81.971649603 7.7793574891 344.81071521
 470.67666667 505069.81639 6344524.8952 310.35651385 287.04348615 -107.2436052 259.04119116 345.71618445 81.854974384 7.7793574891 345.64404842
 473.89000000 505069.05057 6344527.9807 309.89805221 287.50194779 -108.0094347 262.12673212 346.55000000 81.740000000 7.7793574891 346.47786397
 478.48500000 505068.03202 6344532.4103 309.23583937 288.16416063 -109.0279839 266.55627429 347.69485403 81.688363562 7.4042166693 347.62271801
 483.08000000 505067.10230 6344536.8587 308.56965861 288.83034139 -109.9576969 271.00471822 348.84000000 81.640000000 7.4042166693 348.76786397
 486.13666667 505066.53811 6344539.8289 308.12790069 289.27209931 -110.5218886 273.97494112 349.79382856 81.741087191 9.3161570666 349.72169253
 489.19333333 505066.02330 6344542.8089 307.69153942 289.70846058 -111.0367038 276.95491371 350.74716328 81.844430450 9.3161570666 350.67502726
 492.25000000 505065.55800 6344545.7978 307.26069457 290.13930543 -111.5020014 279.94381813 351.70000000 81.950000000 9.3161570666 351.62786397
 495.43000000 505065.12755 6344548.9157 306.81593637 290.58406363 -111.9324456 283.06168928 352.72344866 81.970807774 9.5622941855 352.65131264
 498.61000000 505064.75285 6344552.0409 306.37239121 291.02760879 -112.3071543 286.18692094 353.74678611 81.994143686 9.5622941855 353.67465008
 501.79000000 505064.43399 6344555.1725 305.93019791 291.46980209 -112.6260102 289.31853503 354.77000000 82.020000000 9.5622941855 354.69786397
 505.00000000 505064.16707 6344558.3385 305.48134439 291.91865561 -112.8929257 292.48445824 355.73611838 81.904382962 9.0054973262 355.66398236
 508.21000000 505063.95365 6344561.5075 305.02614083 292.37385917 -113.1063463 295.65353211 356.70278606 81.791038442 9.0054973262 356.63065004
 511.42000000 505063.79379 6344564.6789 304.56471598 292.83528402 -113.2662116 298.82486030 357.67000000 81.680000000 9.0054973262 357.59786397
 514.48000000 505063.69789 6344567.7033 304.11794605 293.28205395 -113.3621054 301.84928623 358.84243015 81.529814104 11.466172706 358.77029412
 517.54000000 505063.66394 6344570.7279 303.66333470 293.73666530 -113.3960582 304.87387422 0.0157652481 81.383126027 11.466172706 359.94362922
 520.60000000 505063.69194 6344573.7514 303.20107135 294.19892865 -113.3680560 307.89736408 1.1900000000 81.240000000 11.466172706 1.1178639741
 523.68666667 505063.77724 6344576.7995 302.73064161 294.66935839 -113.2827628 310.94552291 2.1599455770 81.227523970 9.3177790577 2.0878095511
 526.77333333 505063.91411 6344579.8457 302.25961348 295.14038652 -113.1458852 313.99170887 3.1299498715 81.217522970 9.3177790577 3.0578138456
 529.86000000 505064.10254 6344582.8891 301.78811886 295.61188114 -112.9574616 317.03506911 4.1000000000 81.210000000 9.3177790577 4.0278639741
 532.90666667 505064.34275 6344585.8898 301.32691985 296.07308015 -112.7172530 320.03577585 5.1976440506 81.376907351 10.809428160 5.1255080247
 535.95333333 505064.64050 6344588.8867 300.87457787 296.52542213 -112.4194988 323.03266896 6.2943097487 81.546929028 10.809428160 6.2221737229
 539.00000000 505064.99569 6344591.8786 300.43125896 296.96874104 -112.0643083 326.02464837 7.3900000000 81.720000000 10.809428160 7.3178639741
 542.18000000 505065.42441 6344594.9955 299.97780015 297.42219985 -111.6355940 329.14150405 8.4175104028 81.884112020 9.7185475277 8.3453743769
 545.36000000 505065.90912 6344598.1055 299.53342952 297.86657048 -111.1508791 332.25145419 9.4441752223 82.050797222 9.7185475277 9.3720391964
 548.54000000 505066.44968 6344601.2075 299.09829073 298.30170927 -110.6103204 335.35349347 10.470000000 82.220000000 9.7185475277 10.397863974
 551.62666667 505067.02466 6344604.2107 298.68608930 298.71391070 -110.0353394 338.35671245 11.350861337 82.431584330 8.7302563857 11.278725311
 554.71333333 505067.64603 6344607.2062 298.28523453 299.11476547 -109.4139735 341.35221741 12.230855118 82.644935005 8.7302563857 12.158719092
 557.80000000 505068.31362 6344610.1933 297.89582496 299.50417504 -108.7463756 344.33927216 13.110000000 82.860000000 8.7302563857 13.037863974
 562.57500000 505069.41917 6344614.7989 297.30578499 300.09421501 -107.6408329 348.94490159 14.030168927 82.944099581 5.7611404674 13.958032901
 567.35000000 505070.59873 6344619.3870 296.72277539 300.67722461 -106.4612665 353.53302876 14.950000000 83.030000000 5.7611404674 14.877863974
 572.16500000 505071.86786 6344623.9922 296.13340572 301.26659428 -105.1921389 358.13816426 16.009723839 82.908798840 6.5963592679 15.937587813
 576.98000000 505073.22161 6344628.5718 295.53402836 301.86597164 -103.8383889 362.71784019 17.070000000 82.790000000 6.5963592679 16.997863974
 581.53500000 505074.58246 6344632.8793 294.96366189 302.43633811 -102.4775422 367.02526258 18.140082292 82.823761699 6.9958083696 18.067946266
 586.09000000 505076.02361 6344637.1609 294.39605620 303.00394380 -101.0363854 371.30685077 19.210000000 82.860000000 6.9958083696 19.137863974
 590.91000000 505077.63216 6344641.6649 293.81317911 303.58682089 -99.42783553 375.81087337 20.240829907 83.248919227 6.8133636308 20.168693881
 595.73000000 505079.32278 6344646.1429 293.26288405 304.13711595 -97.73722083 380.28886015 21.270000000 83.640000000 6.8133636308 21.197863974
 598.80000000 505080.45011 6344648.9770 292.92487734 304.47512266 -96.60989046 383.12295702 22.256967505 83.718159595 9.6163790803 22.184831479
 601.87000000 505081.62626 6344651.7916 292.59108273 304.80891727 -95.43373873 385.93764588 23.243635149 83.798167691 9.6163790803 23.171499123
 604.94000000 505082.85089 6344654.5861 292.26159870 305.13840130 -94.20911259 388.73209643 24.230000000 83.880000000 9.6163790803 24.157863974
 608.10666667 505084.16203 6344657.4473 291.92394614 305.47605386 -92.89796802 391.59330787 25.153332424 83.878422328 8.6975057054 25.081196399
 611.27333333 505085.51911 6344660.2870 291.58625022 305.81374978 -91.54088863 394.43301512 26.076667576 83.878422328 8.6975057054 26.004531550
 614.44000000 505086.92178 6344663.1045 291.24859766 306.15140234 -90.13822283 397.25048911 27.000000000 83.880000000 8.6975057054 26.927863974
 617.56666667 505088.35330 6344665.8627 290.91520115 306.48479885 -88.70670348 400.00869007 28.003332167 83.878137018 9.5719876322 27.931196141
 620.69333333 505089.83289 6344668.5954 290.58175410 306.81824590 -87.22710843 402.74139660 29.006667833 83.878137018 9.5719876322 28.934531807
 623.82000000 505091.36011 6344671.3018 290.24835759 307.15164241 -85.69988624 405.44778028 30.010000000 83.880000000 9.5719876322 29.937863974
 626.90666667 505092.91364 6344673.9479 289.92557350 307.47442650 -84.14636142 408.09393192 30.967469442 84.115058646 9.5326397747 30.895333416
 629.99333333 505094.51182 6344676.5689 289.61542983 307.78457017 -82.54817645 410.71487771 31.924126688 84.351747752 9.5326397747 31.851990662
 633.08000000 505096.15420 6344679.1638 289.31801749 308.08198251 -80.90579965 413.30984962 32.880000000 84.590000000 9.5326397747 32.807863974
 636.19666667 505097.85503 6344681.7585 289.03415589 308.36584411 -79.20497452 415.90451888 33.754303506 84.958862628 9.1018454247 33.682167481
 639.31333333 505099.59621 6344684.3284 288.77031330 308.62968670 -77.46378824 418.47441006 34.627613002 85.328891694 9.1018454247 34.555476976
 642.43000000 505101.37728 6344686.8728 288.52656158 308.87343842 -75.68271502 421.01882325 35.500000000 85.700000000 9.1018454247 35.427863974
 647.06000000 505104.09186 6344690.6056 288.18540551 309.21459449 -72.96813819 424.75161860 36.695227032 85.849100364 7.7835861285 36.623091006
 651.69000000 505106.88423 6344694.2817 287.85633940 309.54366060 -70.17577327 428.42768758 37.890000000 86.000000000 7.7835861285 37.817863974
 656.37000000 505109.77908 6344697.9422 287.53269592 309.86730408 -67.28092422 432.08821792 38.930087299 86.069354524 6.6661063025 38.857951273
 661.05000000 505112.74014 6344701.5499 287.21475686 310.18524314 -64.31986329 435.69590535 39.970000000 86.140000000 6.6661063025 39.897863974
 665.86500000 505115.85752 6344705.2027 286.89266965 310.50733035 -61.20248345 439.34873885 41.130067423 86.189221321 7.2181634891 41.057931397
 670.68000000 505119.04839 6344708.7919 286.57477517 310.82522483 -58.01160744 442.93792275 42.290000000 86.240000000 7.2181634891 42.217863974
 673.80000000 505121.15474 6344711.0836 286.38021046 311.01978954 -55.90526367 445.22963470 43.027209725 86.609460947 7.9165873782 42.955073699
 676.92000000 505123.29120 6344713.3489 286.20574467 311.19425533 -53.76880299 447.49493263 43.763855971 86.979481464 7.9165873782 43.691719945
 680.04000000 505125.45733 6344715.5873 286.05141384 311.34858616 -51.60266655 449.73334878 44.500000000 87.350000000 7.9165873782 44.427863974
 683.13333333 505127.63588 6344717.7775 285.91682895 311.48317105 -49.42411560 451.92348260 45.340358116 87.662853869 8.6892479740 45.268222091
 686.22666667 505129.84681 6344719.9359 285.79913443 311.60086557 -47.21319163 454.08191798 46.180341469 87.976209717 8.6892479740 46.108205443
 689.32000000 505132.08956 6344722.0621 285.69835907 311.70164093 -44.97043527 456.20812713 47.020000000 88.290000000 8.6892479740 46.947863974
 694.09000000 505135.59043 6344725.2968 285.57557161 311.82442839 -41.46957336 459.44282352 47.650111869 88.759925060 4.9426328515 47.577975843
 698.86000000 505139.12727 6344728.4934 285.49190371 311.90809629 -37.93272906 462.63939938 48.280000000 89.230000000 4.9426328515 48.207863974
 703.39000000 505142.50841 6344731.5048 285.42905004 311.97094996 -34.55159278 465.65078556 48.484997440 89.179994752 1.3972785223 48.412861414
 707.92000000 505145.90025 6344734.5040 285.36224360 312.03775640 -31.15974602 468.65001758 48.690000000 89.130000000 1.3972785223 48.617863974
 712.49000000 505149.32796 6344737.5233 285.30541503 312.09458497 -27.73204103 471.66925058 48.705000799 89.444999981 2.0701766098 48.632864773
 717.06000000 505152.75664 6344740.5417 285.27371011 312.12628989 -24.30336314 474.68774687 48.720000000 89.760000000 2.0701766098 48.647863974
 722.00500000 505156.46974 6344743.8046 285.26896327 312.13103673 -20.59026192 477.95060593 48.809998681 90.130000160 2.3101422812 48.737862655
 726.95000000 505160.18791 6344747.0616 285.29614965 312.10385035 -16.87209452 481.20758078 48.900000000 90.500000000 2.3101422812 48.827863974
 731.63000000 505163.70958 6344750.1407 285.33433529 312.06566471 -13.35041649 484.28673980 48.915000129 90.435000015 0.4276168102 48.842864103
 736.31000000 505167.23210 6344753.2190 285.36721178 312.03278822 -9.827902121 487.36500326 48.930000000 90.370000000 0.4276168102 48.857863974
 740.99500000 505170.76256 6344756.2958 285.39542186 312.00457814 -6.297437061 490.44180232 49.070000682 90.320000955 0.9519228247 48.997864656
 745.68000000 505174.30055 6344759.3640 285.41954356 311.98045644 -2.759447266 493.50998061 49.210000000 90.270000000 0.9519228247 49.137863974
 752.34000000 505179.33025 6344763.7254 285.43726998 311.96273002 2.2702468103 497.87139466 49.074999662 90.035000097 1.2207946107 49.002863636
 759.00000000 505184.34966 6344768.0987 285.42768028 311.97231972 7.2896632166 502.24465846 48.940000000 89.800000000 1.2207946107 48.867863974
 767.50000000 505190.74441 6344773.6932 285.42638221 311.97361779 13.684414287 507.83922101 48.841002105 90.182500272 1.3944839651 48.768866079
 776.00000000 505197.12935 6344779.2987 285.48182868 311.91817132 20.069353441 513.44470522 48.742000000 90.565000000 1.3944839651 48.669863974
 780.84000000 505200.76052 6344782.4953 285.53874167 311.86125833 23.700523284 516.64129995 48.686002903 90.782500374 1.3921003269 48.613866878
 785.68000000 505204.38838 6344785.6953 285.61402600 311.78597400 27.328379003 519.84127628 48.630000000 91.000000000 1.3921003269 48.557863974
 790.25500000 505207.82202 6344788.7147 285.69866137 311.70133863 30.762017645 522.86068521 48.859990582 91.120009022 1.7008742881 48.787854557
 794.83000000 505211.26761 6344791.7202 285.79287678 311.60712322 34.207608173 525.86616329 49.090000000 91.240000000 1.7008742881 49.017863974
 799.46500000 505214.76683 6344794.7550 285.89904358 311.50095642 37.706834299 528.90099342 49.184994187 91.385001903 1.1219035221 49.112858161
 804.10000000 505218.27087 6344797.7838 286.01693688 311.38306312 41.210873135 531.92983212 49.280000000 91.530000000 1.1219035221 49.207863974
 808.82500000 505221.84584 6344800.8680 286.14082905 311.25917095 44.785842775 535.01399103 49.295000371 91.475000051 0.3619521467 49.222864345
 813.55000000 505225.42171 6344803.9513 286.26018706 311.13981294 48.361708109 538.09729013 49.310000000 91.420000000 0.3619521467 49.237863974
 818.19000000 505228.93238 6344806.9808 286.35837177 311.04162823 51.872382673 541.12678344 49.249992376 91.005000551 2.7110788043 49.177856350
 822.83000000 505232.44033 6344810.0143 286.42295373 310.97704627 55.380328573 544.16033684 49.190000000 90.590000000 2.7110788043 49.117863974
 827.46500000 505235.93662 6344813.0541 286.46501930 310.93498070 58.876615518 547.20011025 48.944995298 90.450004114 1.8263575967 48.872859272
 832.10000000 505239.41994 6344816.1089 286.49575977 310.90424023 62.359939163 550.25486475 48.700000000 90.310000000 1.8263575967 48.627863974
 836.86500000 505243.00416 6344819.2457 286.51426408 310.88573592 65.944159480 553.39174377 49.060002591 90.135002665 2.5201243381 48.987866565
 841.63000000 505246.60804 6344822.3601 286.51821454 310.88178546 69.548044398 556.50606318 49.420000000 89.960000000 2.5201243381 49.347863974
 846.39000000 505250.22270 6344825.4541 286.49017596 310.90982404 73.162695517 559.60005453 49.599979282 89.364996867 3.9178158498 49.527843256
 851.15000000 505253.84663 6344828.5363 286.41270960 310.98729040 76.786631449 562.68232040 49.780000000 88.770000000 3.9178158498 49.707863974
 855.78500000 505257.38003 6344831.5312 286.30492544 311.09507456 80.320031874 565.67723387 49.794998656 88.564999951 1.3304058403 49.722862630
 860.42000000 505260.91390 6344834.5250 286.18056281 311.21943719 83.853899489 568.67095385 49.810000000 88.360000000 1.3304058403 49.737863974
 865.06000000 505264.46528 6344837.5062 286.07104123 311.32895877 87.405281403 571.65219159 50.310093286 88.934959456 4.9262414610 50.237957260
 869.70000000 505268.04321 6344840.4569 286.00807688 311.39192312 90.983210792 574.60287580 50.810000000 89.510000000 4.9262414610 50.737863974
 874.34500000 505271.64071 6344843.3922 285.98233714 311.41766286 94.580706386 577.53819097 50.910001524 89.854999779 2.3199154600 50.837865498
 878.99000000 505275.24337 6344846.3213 285.98456657 311.41543343 98.183374442 580.46726755 51.010000000 90.200000000 2.3199154600 50.937863974
 883.63000000 505278.85563 6344849.2305 286.00339552 311.39660448 101.79562651 583.37648942 51.439997744 90.265007463 2.8117267463 51.367861718
 888.27000000 505282.48959 6344852.1125 286.02748835 311.37251165 105.42959103 586.25850487 51.870000000 90.330000000 2.8117267463 51.797863974
 893.03500000 505286.24241 6344855.0455 286.05202223 311.34797777 109.18241120 589.19154615 52.255002135 90.260005870 2.4636384159 52.182866109
 897.80000000 505290.01488 6344857.9533 286.07073461 311.32926539 112.95487602 592.09932039 52.640000000 90.190000000 2.4636384159 52.567863974
 902.60000000 505293.82795 6344860.8657 286.07450451 311.32549549 116.76795284 595.01170102 52.759998940 89.899999781 1.9615426921 52.687862914
 907.40000000 505297.64709 6344863.7701 286.05397951 311.34602049 120.58708719 597.91606357 52.880000000 89.610000000 1.9615426921 52.807863974
 912.05000000 505301.35305 6344866.5754 286.01725591 311.38274409 124.29304683 600.72136522 53.014997353 89.484998571 1.1869652571 52.942861327
 916.70000000 505305.06553 6344869.3719 285.97038800 311.42961200 128.00553320 603.51787231 53.150000000 89.360000000 1.1869652571 53.077863974
 921.33500000 505308.76912 6344872.1551 285.91436888 311.48563112 131.70912251 606.30109727 53.145000119 89.254999997 0.6803816179 53.072864093
 925.97000000 505312.47238 6344874.9386 285.84985641 311.55014359 135.41238068 609.08457909 53.140000000 89.150000000 0.6803816179 53.067863974
 930.74500000 505316.28899 6344877.8041 285.78256199 311.61743801 139.22898725 611.95013081 53.205001288 89.234999508 0.6722584651 53.132865262
 935.52000000 505320.10892 6344880.6654 285.72235079 311.67764921 143.04891789 614.81140758 53.270000000 89.320000000 0.6722584651 53.197863974
 942.52000000 505325.71793 6344884.8481 285.65149147 311.74850853 148.65792592 618.99408180 53.450005264 89.519997631 1.1531486180 53.377869238
 949.52000000 505331.34021 6344889.0132 285.60506589 311.79493411 154.28021089 623.15923606 53.630000000 89.720000000 1.1531486180 53.557863974
 956.77500000 505337.16568 6344893.3325 285.57182714 311.82817286 160.10568018 627.47846012 53.404999412 89.754998111 0.9415736912 53.332863386
 964.03000000 505342.97416 6344897.6745 285.54302018 311.85697982 165.91415821 631.82053873 53.180000000 89.790000000 0.9415736912 53.107863974
 971.03000000 505348.56986 6344901.8755 285.50911730 311.89088270 171.50985639 636.02147110 53.170000142 89.654999995 0.5801564984 53.097864116
 978.03000000 505354.16474 6344906.0773 285.45872137 311.94127863 177.10474190 640.22332043 53.160000000 89.520000000 0.5801564984 53.087863974
 984.79000000 505359.57138 6344910.1304 285.41801705 311.98198295 182.51137944 644.27641774 53.270001900 89.789999613 1.2938483537 53.197865874
 991.55000000 505364.98588 6344914.1732 285.40916821 311.99083179 187.92588187 648.31919747 53.380000000 90.060000000 1.2938483537 53.307863974
 998.55000000 505370.59390 6344918.3578 285.41436057 311.98563943 193.53390228 652.50380188 53.304999980 90.025000021 0.3547059261 53.232863954
 1005.5500000 505376.19644 6344922.5497 285.41527687 311.98472313 199.13644175 656.69574470 53.230000000 89.990000000 0.3547059261 53.157863974
 1012.9100000 505382.07381 6344926.9750 285.41656146 311.98343854 205.01381035 661.12098433 52.960000099 90.030000333 1.1125549849 52.887864073
 1020.2700000 505387.93026 6344931.4279 285.42298430 311.97701570 210.87025817 665.57386953 52.690000000 90.070000000 1.1125549849 52.617863974
 1027.2700000 505393.48246 6344935.6862 285.42115166 311.97884834 216.42246270 669.83224639 52.480001087 89.899999328 1.1579341441 52.407865062
 1034.2700000 505399.01899 6344939.9649 285.39854963 312.00145037 221.95899357 674.11092229 52.270000000 89.730000000 1.1579341441 52.197863974
 1041.1600000 505404.45410 6344944.1948 285.35916678 312.04083322 227.39409859 678.34083868 52.090002428 89.614998100 0.9300285951 52.017866402
 1048.0500000 505409.87582 6344948.4418 285.30595513 312.09404487 232.81581502 682.58775176 51.910000000 89.500000000 0.9300285951 51.837863974
 1055.0500000 505415.38527 6344952.7551 285.26166760 312.13833240 238.32526844 686.90106340 52.120003958 89.774998489 1.4829065719 52.047867932
 1062.0500000 505420.91060 6344957.0482 285.25097736 312.14902264 243.85059799 691.19423395 52.330000000 90.050000000 1.4829065719 52.257863974
 1068.9400000 505426.36016 6344961.2597 285.25157863 312.14842137 249.30015847 695.40569863 52.419999901 89.959999951 0.5541909097 52.347863875
 1075.8300000 505431.81632 6344965.4626 285.24135711 312.15864289 254.75632160 699.60859337 52.510000000 89.870000000 0.5541909097 52.437863974
 1082.8300000 505437.36758 6344969.7222 285.22425287 312.17574713 260.30758456 703.86817206 52.634999886 89.849999643 0.5425262722 52.562863860
 1089.8300000 505442.92812 6344973.9696 285.20470518 312.19529482 265.86812218 708.11562576 52.760000000 89.830000000 0.5425262722 52.687863974
 1096.7350000 505448.42616 6344978.1424 285.19295495 312.20704505 271.36615835 712.28842997 52.990000254 89.974999799 1.1812800707 52.917864228
 1103.6400000 505453.94091 6344982.2931 285.19867940 312.20132060 276.88090695 716.43913470 53.220000000 90.120000000 1.1812800707 53.147863974
 1110.6400000 505459.53076 6344986.5019 285.22280872 312.17719128 282.47076176 720.64789668 52.970003246 90.275002618 1.2606369216 52.897867220
 1117.6400000 505465.10213 6344990.7350 285.26587466 312.13412534 288.04212693 724.88095387 52.720000000 90.430000000 1.2606369216 52.647863974
 1124.5500000 505470.59758 6344994.9190 285.32406467 312.07593533 293.53757678 729.06503754 52.854997690 90.535001485 0.7424961301 52.782861664
 1131.4600000 505476.10278 6344999.0901 285.39491736 312.00508264 299.04277567 733.23608991 52.990000000 90.640000000 0.7424961301 52.917863974
 1138.4600000 505481.68917 6345003.3027 285.47585534 311.92414466 304.62917142 737.44874450 53.114998826 90.685001630 0.5693352226 53.042862800
 1145.4600000 505487.28469 6345007.5032 285.56229070 311.83770930 310.22469191 741.64916201 53.240000000 90.730000000 0.5693352226 53.167863974
 1152.4250000 505492.85784 6345011.6754 285.63157992 311.76842008 315.79784406 745.82139291 53.265000999 90.410000039 1.3825198145 53.192864973
 1159.3900000 505498.43304 6345015.8454 285.66197033 311.73802967 321.37303898 749.99135835 53.290000000 90.090000000 1.3825198145 53.217863974
 1166.3900000 505504.02696 6345020.0488 285.66044308 311.73955692 326.96696196 754.19477574 53.010002011 89.884998627 1.4872376438 52.937865985
 1173.3900000 505509.60024 6345024.2794 285.63387038 311.76612962 332.54023649 758.42544944 52.730000000 89.680000000 1.4872376438 52.657863974
 1180.3000000 505515.09542 6345028.4641 285.59226281 311.80773719 338.03541763 762.61008596 52.834999408 89.629999379 0.5048988920 52.762863382
 1187.2100000 505520.59823 6345032.6386 285.54462525 311.85537475 343.53822726 766.78462149 52.940000000 89.580000000 0.5048988920 52.867863974
 1194.2100000 505526.17938 6345036.8588 285.50461379 311.89538621 349.11938437 771.00479692 53.015000993 89.764999799 0.8555329792 52.942864967
 1201.2100000 505531.76613 6345041.0717 285.48720414 311.91279586 354.70613486 775.21771883 53.090000000 89.950000000 0.8555329792 53.017863974
 1208.0750000 505537.25451 6345045.1910 285.49349458 311.90650542 360.19451325 779.33695872 53.274998209 90.155000808 1.2067005424 53.202862183
 1214.9400000 505542.75611 6345049.2924 285.52434737 311.87565263 365.69611016 783.43841633 53.460000000 90.360000000 1.2067005424 53.387863974
 1221.9400000 505548.36550 6345053.4750 285.56344268 311.83655732 371.30550228 787.62099715 53.264998669 90.280001622 0.9033007552 53.192862644
 1228.9400000 505553.96067 6345057.6767 285.59276425 311.80723575 376.90066517 791.82267333 53.070000000 90.200000000 0.9033007552 52.997863974
 1235.8550000 505559.48282 6345061.8341 285.61871244 311.78128756 382.42282416 795.98008809 53.124999884 90.230000106 0.2717979575 53.052863859
 1242.7700000 505565.00896 6345065.9862 285.64828129 311.75171871 387.94895983 800.13219133 53.180000000 90.260000000 0.2717979575 53.107863974
 1249.7700000 505570.60044 6345070.1927 285.68157338 311.71842662 393.54044184 804.33873935 53.055000271 90.285000678 0.5463170039 52.982864245
 1256.7700000 505576.18272 6345074.4115 285.71791975 311.68208025 399.12272117 808.55746693 52.930000000 90.310000000 0.5463170039 52.857863974
 1263.9450000 505581.89433 6345078.7491 285.75955771 311.64044229 404.83433332 812.89511746 52.785000706 90.355001137 0.6347857510 52.712864680
 1271.1200000 505587.59492 6345083.1012 285.80683080 311.59316920 410.53492204 817.24718746 52.640000000 90.400000000 0.6347857510 52.567863974
 1278.1200000 505593.15874 6345087.3442 285.84195549 311.55804451 416.09874034 821.49023157 52.845002459 90.175001120 1.3045012553 52.772866433
 1285.1200000 505598.73777 6345091.5674 285.84959137 311.55040863 421.67777115 825.71339238 53.050000000 89.950000000 1.3045012553 52.977863974
 1292.0450000 505604.26832 6345095.7304 285.85200866 311.54799134 427.20831594 829.87636442 53.154999597 90.090000151 0.7581221354 53.082863571
 1298.9700000 505609.80646 6345099.8832 285.87134689 311.52865311 432.74645923 834.02917830 53.260000000 90.230000000 0.7581221354 53.187863974
 1305.9700000 505615.40092 6345104.0859 285.88722940 311.51277060 438.34092076 838.23185504 53.054999625 90.030000192 1.2274275074 52.982863599
 1312.9700000 505620.98032 6345108.3085 285.87867729 311.52132271 443.92031989 842.45452907 52.850000000 89.830000000 1.2274275074 52.777863974
 1320.0800000 505626.64232 6345112.6042 285.85758152 311.54241848 449.58232332 846.75022130 52.920000000 89.829999873 0.2953573497 52.847863974
 1327.1900000 505632.30957 6345116.8930 285.83648574 311.56351426 455.24957070 851.03899289 52.990000000 89.830000000 0.2953573497 52.917863974
 1334.1900000 505637.88710 6345121.1181 285.81021856 311.58978144 460.82709589 855.26407749 52.865000891 89.739999381 0.6601205650 52.792864865
 1341.1900000 505643.45535 6345125.3553 285.77295590 311.62704410 466.39535042 859.50129008 52.740000000 89.650000000 0.6601205650 52.667863974
 1348.2300000 505649.04478 6345129.6306 285.73025832 311.66974168 471.98478387 863.77661196 52.579999916 89.654998655 0.6821386644 52.507863890
 1355.2700000 505654.62226 6345133.9215 285.68817508 311.71182492 477.56225953 868.06752805 52.420000000 89.660000000 0.6821386644 52.347863974
 1362.2700000 505660.14794 6345138.2142 285.68389939 311.71610061 483.08794185 872.36019865 52.040019066 90.270005938 3.0800285034 51.967883040
 1369.2700000 505665.64476 6345142.5432 285.75414800 311.64585200 488.58475780 876.68920406 51.660000000 90.880000000 3.0800285034 51.587863974
 1376.4050000 505671.23498 6345146.9707 285.87275667 311.52724333 494.17497530 881.11672318 51.724997057 91.025000659 0.6681073712 51.652861031
 1383.5400000 505676.82996 6345151.3917 286.00941917 311.39058083 499.76995873 885.53769737 51.790000000 91.170000000 0.6681073712 51.717863974
 1390.5400000 505682.31681 6345155.7319 286.14319068 311.25680932 505.25681226 889.87789979 51.664994174 91.020002427 0.8367577317 51.592858148
 1397.5400000 505687.79444 6345160.0843 286.25863913 311.14136087 510.73443922 894.23026517 51.540000000 90.870000000 0.8367577317 51.467863974
 1404.6500000 505693.34881 6345164.5170 286.36535518 311.03464482 516.28881050 898.66301465 51.419999379 90.850001864 0.5132583247 51.347863353
 1411.7600000 505698.89391 6345168.9614 286.46958965 310.93041035 521.83391439 903.10741047 51.300000000 90.830000000 0.5132583247 51.227863974
 1418.7600000 505704.35005 6345173.3415 286.54502988 310.85497012 527.29004886 907.48753960 51.330001573 90.405000056 1.8259604388 51.257865547
 1425.7600000 505709.80876 6345177.7190 286.56854809 310.83145191 532.74876219 911.86504088 51.360000000 89.980000000 1.8259604388 51.287863974
 1432.8450000 505715.34461 6345182.1362 286.56391093 310.83608907 538.28460778 916.28221490 51.609999853 89.944999476 1.0688975939 51.537863828
 1439.9300000 505720.89967 6345186.5292 286.55494579 310.84505421 543.83967091 920.67518970 51.860000000 89.910000000 1.0688975939 51.787863974
 1446.9300000 505726.41165 6345190.8394 286.53325969 310.86674031 549.35164991 924.98543933 52.234994702 89.734994324 1.7735120179 52.162858677
 1453.9300000 505731.95164 6345195.1135 286.49019348 310.90980652 554.89164284 929.25946080 52.610000000 89.560000000 1.7735120179 52.537863974
 1460.9400000 505737.50624 6345199.3848 286.44064294 310.95935706 560.44624205 933.53084888 52.414998462 89.629997857 0.8866460244 52.342862436
 1467.9500000 505743.04632 6345203.6752 286.39965657 311.00034343 565.98631563 937.82115052 52.220000000 89.700000000 0.8866460244 52.147863974
 1474.9500000 505748.58073 6345207.9564 286.35872854 311.04127146 571.52072662 942.10243324 52.474997988 89.629996336 1.1332635768 52.402861962
 1481.9500000 505754.13409 6345212.2130 286.30924857 311.09075143 577.07409314 946.35900869 52.730000000 89.560000000 1.1332635768 52.657863974
 1486.7100000 505757.92592 6345215.0872 286.29360268 311.10639732 580.86592097 949.23321692 53.089974484 90.063342457 3.9000997376 53.017838458
 1491.4700000 505761.73569 6345217.9375 286.31977305 311.08022695 584.67569458 952.08351806 53.449955961 90.566682415 3.9000997376 53.377819935
 1496.2300000 505765.56297 6345220.7636 286.38775663 311.01224337 588.50296956 954.90957964 53.810000000 91.070000000 3.9000997376 53.737863974
 1503.2300000 505771.20263 6345224.9036 286.51083962 310.88916038 594.14263064 959.04961730 53.769998561 90.945000230 0.5624673419 53.697862535
 1510.2300000 505776.83960 6345229.0477 286.61865307 310.78134693 599.77960292 963.19374032 53.730000000 90.820000000 0.5624673419 53.657863974
 1517.0450000 505782.31571 6345233.0987 286.71440085 310.68559915 605.25570694 967.24468247 53.429997834 90.790010828 1.3270779749 53.357861808
 1523.8600000 505787.77056 6345237.1783 286.80658064 310.59341936 610.71056471 971.32427123 53.130000000 90.760000000 1.3270779749 53.057863974
 1530.8600000 505793.36406 6345241.3817 286.87163669 310.52836331 616.30405670 975.52774690 53.165001480 90.305000057 1.9557604376 53.092865454
 1537.8600000 505798.96035 6345245.5820 286.88110508 310.51889492 621.90035194 979.72798252 53.200000000 89.850000000 1.9557604376 53.127863974
 1544.7750000 505804.49174 6345249.7271 286.85425172 310.54574828 627.43174463 983.87309580 53.249999348 89.704999888 0.6654159786 53.177863323
 1551.6900000 505810.02668 6345253.8673 286.80989863 310.59010137 632.96668038 988.01332652 53.300000000 89.560000000 0.6654159786 53.227863974
 1558.6900000 505815.62119 6345258.0697 286.75919688 310.64080312 638.56119301 992.21566011 53.019998337 89.609995343 1.2189549966 52.947862311
 1565.6900000 505821.19514 6345262.2993 286.71460365 310.68539635 644.13513556 996.44530849 52.740000000 89.660000000 1.2189549966 52.667863974
 1572.5200000 505826.62078 6345266.4433 286.68510025 310.71489975 649.56078129 1000.5893497 52.659999301 89.844999849 0.8853130557 52.587863275
 1579.3500000 505832.04068 6345270.5950 286.67764987 310.72235013 654.98068291 1004.7409988 52.580000000 90.030000000 0.8853130557 52.507863974
 1586.3500000 505837.60621 6345274.8359 286.69444901 310.70555099 660.54621429 1008.9818949 52.949994063 90.245005109 1.8339745442 52.877858037
 1593.3500000 505843.19893 6345279.0407 286.73751518 310.66248482 666.13892611 1013.1866948 53.320000000 90.460000000 1.8339745442 53.247863974
 1600.3700000 505848.80403 6345283.2617 286.81776737 310.58223263 671.74403319 1017.4077029 52.860046456 90.850027391 2.5770689345 52.787910430
 1607.3900000 505854.37451 6345287.5271 286.94579800 310.45420200 677.31450936 1021.6731439 52.400000000 91.240000000 2.5770689345 52.327863974
 1614.3900000 505859.90301 6345291.8135 287.09941910 310.30058090 682.84301105 1025.9595025 52.170003127 91.275010270 0.9968206772 52.097867101
 1621.3900000 505865.41419 6345296.1220 287.25731521 310.14268479 688.35418676 1030.2679608 51.940000000 91.310000000 0.9968206772 51.867863974
 1628.3550000 505870.87511 6345300.4378 287.41351171 309.98648829 693.81510629 1034.5837769 51.564992802 91.260026979 1.6291258686 51.492856776
 1635.3200000 505876.30777 6345304.7893 287.56363155 309.83636845 699.24776639 1038.9353255 51.190000000 91.210000000 1.6291258686 51.117863974
 1642.3200000 505881.76109 6345309.1715 287.69984633 309.70015367 704.70108996 1043.3175030 51.385011513 91.020005906 1.1667286347 51.312875487
 1649.3200000 505887.22962 6345313.5354 287.81285191 309.58714809 710.16961900 1047.6813531 51.580000000 90.830000000 1.1667286347 51.507863974
 1656.4200000 505892.79635 6345317.9360 287.93738485 309.46261515 715.73634519 1052.0819769 51.909958477 91.180019567 2.0323568579 51.837822451
 1663.5200000 505898.38762 6345322.3039 288.10528002 309.29471998 721.32762087 1056.4499166 52.240000000 91.530000000 2.0323568579 52.167863974
 1670.5200000 505903.91149 6345326.5956 288.27691582 309.12308418 726.85148673 1060.7415645 52.214997563 91.280000122 1.0767696942 52.142861537
 1677.5200000 505909.43402 6345330.8900 288.41801603 308.98198397 732.37401789 1065.0360409 52.190000000 91.030000000 1.0767696942 52.117863974
 1684.5150000 505914.94346 6345335.1944 288.51171413 308.88828587 737.88345860 1069.3404353 51.954981020 90.505004247 2.4668643856 51.882844994
 1691.5100000 505920.43564 6345339.5217 288.54132004 308.85867996 743.37564237 1073.6677395 51.720000000 89.980000000 2.4668643856 51.647863974
 1698.5100000 505925.93706 6345343.8454 288.51841212 308.88158788 748.87706392 1077.9914384 52.094986414 89.644992397 2.1550069795 52.022850389
 1705.5100000 505931.46647 6345348.1329 288.45457699 308.94542301 754.40646541 1082.2788833 52.470000000 89.310000000 2.1550069795 52.397863974
 1712.5800000 505937.08088 6345352.4242 288.36758428 309.03241572 760.02088319 1086.5702105 52.889997236 89.279980657 1.7865783672 52.817861210
 1719.6500000 505942.72657 6345356.6742 288.27689001 309.12310999 765.66656977 1090.8202391 53.310000000 89.250000000 1.7865783672 53.237863974
 1726.6500000 505948.33457 6345360.8584 288.21977496 309.18022504 771.27456539 1095.0044442 53.380002229 89.814999862 2.4399410794 53.307866203
 1733.6500000 505953.94785 6345365.0359 288.23168677 309.16831323 776.88784741 1099.1819280 53.450000000 90.380000000 2.4399410794 53.377863974
 1740.6000000 505959.50988 6345369.1983 288.27717473 309.12282527 782.44987712 1103.3443183 53.074999577 90.370007925 1.6192467250 53.002863551
 1747.5500000 505965.04455 6345373.3970 288.32144971 309.07855029 787.98455136 1107.5430274 52.700000000 90.360000000 1.6192467250 52.627863974
 1754.5500000 505970.60557 6345377.6437 288.36237745 309.03762255 793.54557266 1111.7896985 52.710000047 90.310000005 0.2185292836 52.637864021
 1761.5500000 505976.16736 6345381.8894 288.39719662 309.00280338 799.10736132 1116.0354191 52.720000000 90.260000000 0.2185292836 52.647863974
 1768.5650000 505981.75200 6345386.1299 288.43086637 308.96913363 804.69200214 1120.2758742 53.004999245 90.290003588 1.2255350852 52.932863219
 1775.5800000 505987.35765 6345390.3425 288.46820911 308.93179089 810.29765175 1124.4884867 53.290000000 90.320000000 1.2255350852 53.217863974
 1782.5800000 505992.96140 6345394.5327 288.50486086 308.89513914 815.90139509 1128.6786618 53.279999966 90.280000004 0.1767044019 53.207863940
 1789.5800000 505998.56443 6345398.7238 288.53662574 308.86337426 821.50442614 1132.8698291 53.270000000 90.240000000 0.1767044019 53.197863974
 1796.7550000 506004.31799 6345403.0057 288.57262880 308.82737120 827.25799277 1137.1517152 53.559997189 90.335004291 1.2759263560 53.487861163
 1803.9300000 506010.09310 6345407.2584 288.62052828 308.77947172 833.03310219 1141.4043839 53.850000000 90.430000000 1.2759263560 53.777863974
 1810.9300000 506015.73838 6345411.3923 288.66786998 308.73213002 838.67838125 1145.5383199 53.865000134 90.345000012 0.3699142898 53.792864108
 1817.9300000 506021.38479 6345415.5248 288.70482715 308.69517285 844.32479282 1149.6708148 53.880000000 90.260000000 0.3699142898 53.807863974
 1825.1200000 506027.18694 6345419.7662 288.71768976 308.68231024 850.12693553 1153.9122341 53.929999736 89.944999979 1.3307796617 53.857863710
 1832.3100000 506032.99275 6345424.0026 288.69102341 308.70897659 855.93274671 1158.1485663 53.980000000 89.630000000 1.3307796617 53.907863974
 1839.3100000 506038.64381 6345428.1286 288.64643051 308.75356949 861.58380691 1162.2746267 53.894999907 89.639999604 0.3667909160 53.822863881
 1846.3100000 506044.28875 6345432.2631 288.60305933 308.79694067 867.22874595 1166.4090705 53.810000000 89.650000000 0.3667909160 53.737863974
 1853.3550000 506049.95750 6345436.4409 288.54373216 308.85626784 872.89750214 1170.5868556 53.555012660 89.384993910 1.5660157346 53.482876634
 1860.4000000 506055.60733 6345440.6436 288.45182288 308.94817712 878.54732823 1174.7896197 53.300000000 89.120000000 1.5660157346 53.227863974
 1867.4000000 506061.19135 6345444.8595 288.37821373 309.02178627 884.13135332 1179.0054623 52.739969228 89.674984476 3.3789401505 52.667833202
 1874.4000000 506066.73421 6345449.1299 288.37240954 309.02759046 889.67421292 1183.2759135 52.180000000 90.230000000 3.3789401505 52.107863974
 1881.3350000 506072.21060 6345453.3801 288.40387955 308.99612045 895.15060393 1187.5260804 52.334999178 90.290001061 0.7189869795 52.262863153
 1888.2700000 506077.69844 6345457.6154 288.44261178 308.95738822 900.63844361 1191.7613943 52.490000000 90.350000000 0.7189869795 52.417863974
 1895.2700000 506083.24867 6345461.8761 288.48873187 308.91126813 906.18867291 1196.0221047 52.629999050 90.405001209 0.6446263467 52.557863024
 1902.2700000 506088.80926 6345466.1232 288.54157131 308.85842869 911.74925879 1200.2692119 52.770000000 90.460000000 0.6446263467 52.697863974
 1909.4450000 506094.52309 6345470.4578 288.59197515 308.80802485 917.46309356 1204.6038353 53.005002840 90.345002902 1.0939046998 52.932866814
 1916.6200000 506100.25473 6345474.7690 288.62797810 308.77202190 923.19472804 1208.9150389 53.240000000 90.230000000 1.0939046998 53.167863974
 1923.6200000 506105.84081 6345478.9826 288.67440439 308.72559561 928.78080816 1213.1286012 52.850018890 90.530012278 2.1086654823 52.777882864
 1930.6200000 506111.39781 6345483.2339 288.75748109 308.64251891 934.33780931 1217.3798826 52.460000000 90.830000000 2.1086654823 52.387863974
 1937.5600000 506116.89224 6345487.4682 288.84196421 308.55803579 939.83223879 1221.6141651 52.444999316 90.565000019 1.1473666191 52.372863290
 1944.5000000 506122.38581 6345491.7041 288.89435060 308.50564940 945.32581011 1225.8500790 52.430000000 90.300000000 1.1473666191 52.357863974
 1951.5000000 506127.92868 6345495.9745 288.91725799 308.48274201 950.86868312 1230.1205380 52.490000308 90.075000041 0.9979824320 52.417864283
 1958.5000000 506133.47605 6345500.2392 288.91267651 308.48732349 956.41605361 1234.3852121 52.550000000 89.850000000 0.9979824320 52.477863974
 1965.6950000 506139.18762 6345504.6099 288.87625934 308.52374066 962.12762157 1238.7559306 52.744992848 89.569997510 1.4226858779 52.672856822
 1972.8900000 506144.91382 6345508.9610 288.80468180 308.59531820 967.85382158 1243.1070256 52.940000000 89.290000000 1.4226858779 52.867863974
 1979.8900000 506150.48269 6345513.1968 288.72252182 308.67747818 973.42269243 1247.3427901 52.689996373 89.364993956 1.1185409497 52.617860347
 1986.8900000 506156.03311 6345517.4569 288.64952426 308.75047574 978.97310886 1251.6028748 52.440000000 89.440000000 1.1185409497 52.367863974
 1993.9450000 506161.61763 6345521.7629 288.58303344 308.81696656 984.55762798 1255.9089156 52.434999968 89.479999998 0.1714157186 52.362863942
 2001.0000000 506167.20181 6345526.0695 288.52146773 308.87853227 990.14180670 1260.2154710 52.430000000 89.520000000 0.1714157186 52.357863974
 2011.5000000 506175.51447 6345532.4768 288.43258789 308.96741211 998.45447076 1266.6227825 52.464999948 89.509999909 0.1039980531 52.392863922
 2022.0000000 506183.83103 6345538.8790 288.34187552 309.05812448 1006.7710349 1273.0250052 52.500000000 89.500000000 0.1039980531 52.427863974
