# WELL TRACE FROM PETREL 
# WELL NAME:              105031609506W400
# DEFINITIVE SURVEY:      P121P13_Definitive_Survey
# WELL HEAD X-COORDINATE: 505699.36000000 (m)
# WELL HEAD Y-COORDINATE: 6344851.97000000 (m)
# WELL DATUM (KB, KB, from MSL): 595.60000000 (m)
# WELL TYPE:              OIL
# MD AND TVD ARE REFERENCED (=0) AT WELL DATUM AND INCREASE DOWNWARDS
# ANGLES ARE GIVEN IN DEGREES
# XYZ TRACE IS GIVEN IN COORDINATE SYSTEM UTM83-12 ("MENTOR:UTM83-12:NAD83 UTM, Zone 12 North, Meter") [SIS,502388]
# AZIM_TN: azimuth in True North 
# AZIM_GN: azimuth in Grid North 
# DX DY ARE GIVEN IN GRID NORTH IN m-UNITS
# DEPTH (Z, tvd_z) GIVEN IN m-UNITS
#===============================================================================================================================================
      MD            X            Y            Z           TVD           DX          DY        AZIM_TN        INCL         DLS        AZIM_GN
#===============================================================================================================================================
 0.0000000000 505699.36000 6344851.9700 595.60000000 0.0000000000 -0.000000002 0.0000000037 0.0000000000 0.0000000000 0.0000000000 359.92057036
 9.2000000000 505699.36000 6344851.9700 586.40000000 9.2000000000 -0.000000002 0.0000000037 0.0000000000 0.0000000000 0.0000000000 359.92057036
 17.770000000 505699.34696 6344851.9901 577.83004455 17.769955446 -0.013042840 0.0200539865 327.04000000 0.3200000000 1.1201866978 326.96057036
 26.340000000 505699.30783 6344852.0502 569.26035643 26.339643572 -0.052170948 0.0802153079 327.04000000 0.6400000000 1.1201866978 326.96057036
 31.150000000 505699.27547 6344852.0928 564.45065460 31.149345399 -0.084527036 0.1228065295 318.66008905 0.6382207094 0.5825739749 318.58065940
 35.960000000 505699.23697 6344852.1305 559.64095750 35.959042500 -0.123032901 0.1605377430 310.41000000 0.6500000000 0.5825739749 310.33057036
 40.575000000 505699.19349 6344852.1578 555.02624533 40.573754672 -0.166508289 0.1878453782 293.87040527 0.6387243877 1.2071170751 293.79097562
 45.190000000 505699.14286 6344852.1720 550.41154718 45.188452822 -0.217144108 0.2020280249 278.08000000 0.6800000000 1.2071170751 278.00057036
 49.793333333 505699.08278 6344852.1515 545.80868210 49.791317898 -0.277222131 0.1814848827 233.69550424 1.0220214764 4.6702964241 233.61607459
 54.396666667 505699.01071 6344852.0747 541.20658518 54.393414825 -0.349292007 0.1046574069 216.71715834 1.6290266730 4.6702964241 216.63772869
 59.000000000 505698.92666 6344851.9416 536.60597634 58.994023662 -0.433342462 -0.028442383 209.26000000 2.3000000000 4.6702964241 209.18057036
 67.000000000 505698.77540 6344851.6214 528.61385569 66.986144310 -0.584598795 -0.348578169 202.15608380 2.7850507344 2.1657868636 202.07665415
 75.000000000 505698.63459 6344851.2214 520.62514539 74.974854615 -0.725414001 -0.748569473 197.21000000 3.3000000000 2.1657868636 197.13057036
 78.975000000 505698.56976 6344850.9971 516.65701494 78.942985060 -0.790244108 -0.972859840 195.23273892 3.4381163991 1.3620743644 195.15330928
 82.950000000 505698.51001 6344850.7614 512.68946729 82.910532709 -0.849991661 -1.208572667 193.41000000 3.5800000000 1.3620743644 193.33057036
 87.635000000 505698.43695 6344850.4712 508.01404599 87.585954007 -0.923051780 -1.498796485 194.97269206 3.7487297700 1.2554401044 194.89326242
 92.320000000 505698.35262 6344850.1696 503.33953384 92.260466157 -1.007383517 -1.800374799 196.40000000 3.9200000000 1.2554401044 196.32057036
 96.700000000 505698.26467 6344849.8621 498.97125570 96.628744299 -1.095326096 -2.107925240 195.71796908 4.4597531501 3.7125956044 195.63853943
 101.08000000 505698.16907 6344849.5139 494.60618764 100.99381236 -1.190928000 -2.456054194 195.18300000 5.0000000000 3.7125956044 195.10357036
 101.32500000 505698.16350 6344849.4933 494.36212554 101.23787446 -1.196501474 -2.476724461 195.15634235 5.0299994648 3.6844697037 195.07691271
 101.57000000 505698.15790 6344849.4725 494.11807469 101.48192531 -1.202098585 -2.497520650 195.13000000 5.0600000000 3.6844697037 195.05057036
 106.28000000 505698.03565 6344849.0397 489.42965661 106.17034339 -1.324352138 -2.930323249 196.47258083 5.9037921781 5.4358405003 196.39315119
 110.99000000 505697.88456 6344848.5433 484.74838473 110.85161527 -1.475436035 -3.426651664 197.48000000 6.7500000000 5.4358405003 197.40057036
 115.75500000 505697.70355 6344847.9667 480.02197207 115.57802793 -1.656454692 -4.003293808 197.53116894 7.8299976598 6.7996877480 197.45173930
 120.52000000 505697.49538 6344847.3054 475.30779535 120.29220465 -1.864624411 -4.664634532 197.57000000 8.9100000000 6.7996877480 197.49057036
 125.04500000 505697.26577 6344846.5936 470.84515902 124.75484098 -2.094234455 -5.376364755 198.30279512 10.124361223 8.0908270969 198.22336547
 129.57000000 505696.99812 6344845.7950 466.39939078 129.20060922 -2.361884467 -6.174983442 198.88000000 11.340000000 8.0908270969 198.80057036
 132.65000000 505696.79192 6344845.1966 463.38521598 132.21478402 -2.568078324 -6.773355195 199.28815743 12.386188328 10.222804192 199.20872778
 135.73000000 505696.56359 6344844.5478 460.38310733 135.21689267 -2.796414367 -7.422171596 199.63363269 13.432892274 10.222804192 199.55420305
 138.81000000 505696.31318 6344843.8488 457.39407215 138.20592785 -3.046815979 -8.121214940 199.93000000 14.480000000 10.222804192 199.85057036
 141.95666667 505696.03605 6344843.0835 454.35461899 141.24538101 -3.323945423 -8.886483883 200.03920993 15.513289003 9.8549515289 199.95978028
 145.10333333 505695.73886 6344842.2674 451.33034369 144.26965631 -3.621142204 -9.702616375 200.13509301 16.546625106 9.8549515289 200.05566336
 148.25000000 505695.42169 6344841.4007 448.32223056 147.27776944 -3.938309589 -10.56934679 200.22000000 17.580000000 9.8549515289 200.14057036
 151.37333333 505695.08713 6344840.4874 445.35437848 150.24562152 -4.272869227 -11.48261277 200.17902440 18.723325847 10.982468886 200.09959476
 154.49666667 505694.73293 6344839.5185 442.40653220 153.19346780 -4.627071707 -12.45151898 200.14260600 19.866659611 10.982468886 200.06317635
 157.62000000 505694.35922 6344838.4943 439.47986565 156.12013435 -5.000775975 -13.47567956 200.11000000 21.010000000 10.982468886 200.03057036
 160.78000000 505693.96906 6344837.4057 436.53928306 159.06071694 -5.390937545 -14.56427774 199.49761404 21.941323095 9.0941465951 199.41818439
 163.94000000 505693.57447 6344836.2681 433.61791527 161.98208473 -5.785534877 -15.70186784 198.93278609 22.874738629 9.0941465951 198.85335644
 167.10000000 505693.17554 6344835.0819 430.71657885 164.88342115 -6.184457674 -16.88813188 198.41000000 23.810000000 9.0941465951 198.33057036
 170.27333333 505692.76859 6344833.8450 427.82297304 167.77702696 -6.591407276 -18.12503836 198.17575962 24.663004048 8.1151741331 198.09632998
 173.44666667 505692.35329 6344832.5656 424.94908481 170.65091519 -7.006713574 -19.40437273 197.95623580 25.516348432 8.1151741331 197.87680615
 176.62000000 505691.92972 6344831.2442 422.09555923 173.50444077 -7.430283349 -20.72584785 197.75000000 26.370000000 8.1151741331 197.67057036
 179.70000000 505691.50956 6344829.9160 419.34893874 176.25106126 -7.850444141 -22.05404682 197.52141310 27.436332136 10.435080182 197.44198346
 182.78000000 505691.07935 6344828.5376 416.62873374 178.97126626 -8.280645101 -23.43240389 197.30865227 28.503011391 10.435080182 197.22922262
 185.86000000 505690.63926 6344827.1096 413.93589525 181.66410475 -8.720735824 -24.86043715 197.11000000 29.570000000 10.435080182 197.03057036
 190.68000000 505689.92675 6344824.7975 409.76772521 185.83227479 -9.433248021 -27.17249806 197.30122367 30.714868998 7.1507519409 197.22179402
 195.50000000 505689.18215 6344822.4087 405.64875223 189.95124777 -10.17784745 -29.56127355 197.48000000 31.860000000 7.1507519409 197.40057036
 200.18500000 505688.43754 6344820.0121 401.69334602 193.90665398 -10.92245751 -31.95790283 197.20207433 32.949709890 7.0427234904 197.12264469
 204.87000000 505687.68238 6344817.5405 397.78641563 197.81358437 -11.67761861 -34.42950888 196.94000000 34.040000000 7.0427234904 196.86057036
 207.95333333 505687.16766 6344815.8750 395.24365262 200.35634738 -12.19234056 -36.09496530 197.56080560 34.847039297 8.5631814452 197.48137596
 211.03666667 505686.62438 6344814.1811 392.72575229 202.87424771 -12.73561553 -37.78885351 198.15694395 35.657107581 8.5631814452 198.07751430
 214.12000000 505686.05268 6344812.4592 390.23330875 205.36669125 -13.30731535 -39.51077383 198.73000000 36.470000000 8.5631814452 198.65057036
 217.21333333 505685.45267 6344810.7034 387.75885431 207.84114569 -13.90732907 -41.26657577 199.15868929 37.281875740 8.2595634421 199.07925964
 220.30666667 505684.82825 6344808.9191 385.31097506 210.28902494 -14.53174506 -43.05085968 199.57169690 38.095240833 8.2595634421 199.49226725
 223.40000000 505684.17957 6344807.1068 382.89021186 212.70978814 -15.18042537 -44.86323135 199.97000000 38.910000000 8.2595634421 199.89057036
 226.51333333 505683.51392 6344805.2465 380.48484173 215.11515827 -15.84608317 -46.72348782 199.57069559 39.912052232 9.9599201618 199.49126595
 229.62666667 505682.84716 6344803.3423 378.11442950 217.48557050 -16.51283740 -48.62767035 199.18775840 40.915417866 9.9599201618 199.10832876
 232.74000000 505682.17953 6344801.3948 375.77974657 219.82025343 -17.18047108 -50.57515925 198.82000000 41.920000000 9.9599201618 198.74057036
 235.83333333 505681.50423 6344799.4183 373.49888656 222.10111344 -17.85577226 -52.55165684 199.06326510 43.066185985 11.229670306 198.98383545
 238.92666667 505680.80593 6344797.4020 371.26028964 224.33971036 -18.55407080 -54.56804150 199.29633182 44.212865619 11.229670306 199.21690218
 242.02000000 505680.08492 6344795.3465 369.06487005 226.53512995 -19.27508152 -56.62348975 199.52000000 45.360000000 11.229670306 199.44057036
 245.23000000 505679.32536 6344793.1682 366.83381426 228.76618574 -20.03463710 -58.80176803 199.09013217 46.578494131 11.748345924 199.01070253
 248.44000000 505678.56671 6344790.9400 364.65237171 230.94762829 -20.79328543 -61.02999985 198.67723899 47.798534812 11.748345924 198.59780935
 251.65000000 505677.80934 6344788.6629 362.52159244 233.07840756 -21.55066136 -63.30711266 198.28000000 49.020000000 11.748345924 198.20057036
 256.27500000 505676.70465 6344785.3242 359.51946106 236.08053894 -22.65534909 -66.64583086 198.49310325 50.029810577 6.6339770950 198.41367360
 260.90000000 505675.57111 6344781.9399 356.57981015 239.02018985 -23.78889016 -70.03011919 198.70000000 51.040000000 6.6339770950 198.62057036
 265.52500000 505674.43418 6344778.5078 353.69748754 241.90251246 -24.92582143 -73.46221753 198.11853752 51.858598685 6.0740619488 198.03910788
 270.15000000 505673.31928 6344775.0255 350.86722428 244.73277572 -26.04071751 -76.94446887 197.55000000 52.680000000 6.0740619488 197.47057036
 274.97500000 505672.14893 6344771.3459 347.97610856 247.62389144 -27.21107422 -80.62411069 197.89442575 53.694518732 6.5367203566 197.81499611
 279.80000000 505670.94114 6344767.6251 345.15387373 250.44612627 -28.41886013 -84.34486036 198.23000000 54.710000000 6.5367203566 198.15057036
 284.44500000 505669.75848 6344763.9974 342.50727319 253.09272681 -29.60152193 -87.97260224 198.04256581 55.819861214 7.2368018955 197.96313616
 289.09000000 505668.57203 6344760.3178 339.93511560 255.66488440 -30.78797438 -91.65223809 197.86000000 56.930000000 7.2368018955 197.78057036
 292.20333333 505667.77956 6344757.8195 338.25643591 257.34356409 -31.58044205 -94.15047077 197.49986542 57.812349831 8.9905608476 197.42043578
 295.31666667 505666.99508 6344755.2920 336.61835502 258.98164498 -32.36491639 -96.67798347 197.14664992 58.695700558 8.9905608476 197.06722027
 298.43000000 505666.21881 6344752.7359 335.02130732 260.57869268 -33.14118940 -99.23410597 196.80000000 59.580000000 8.9905608476 196.72057036
 301.51666667 505665.44631 6344750.1744 333.48398576 262.11601424 -33.91368861 -101.7956252 196.92255161 60.676559468 10.707633619 196.84312196
 304.60333333 505664.65999 6344747.5868 331.99817037 263.60182963 -34.70001452 -104.3831748 197.04249585 61.773228480 10.707633619 196.96306620
 307.69000000 505663.86012 6344744.9742 330.56441048 265.03558952 -35.49987641 -106.9957982 197.16000000 62.870000000 10.707633619 197.08057036
 310.73666667 505663.05955 6344742.3709 329.20128899 266.39871101 -36.30045444 -109.5990526 197.18716170 63.973328460 10.866917240 197.10773206
 313.78333333 505662.25017 6344739.7435 327.89088516 267.70911484 -37.10983017 -112.2265226 197.21381729 65.076661902 10.866917240 197.13438764
 316.83000000 505661.43230 6344737.0928 326.63368515 268.96631485 -37.92770334 -114.8772336 197.24000000 66.180000000 10.866917240 197.16057036
 319.91666667 505660.60539 6344734.3819 325.41374884 270.18625116 -38.75460504 -117.5880939 196.84731452 67.259076614 11.058213838 196.76788488
 323.00333333 505659.79053 6344731.6439 324.24744822 271.35255178 -39.56946676 -120.3260521 196.46078356 68.339097687 11.058213838 196.38135391
 326.09000000 505658.98803 6344728.8800 323.13524319 272.46475681 -40.37196720 -123.0900287 196.08000000 69.420000000 11.058213838 196.00057036
 330.83500000 505657.75794 6344724.5974 321.50887942 274.09112058 -41.60206008 -127.3725870 196.13033088 70.489993133 6.7715737954 196.05090124
 335.58000000 505656.51592 6344720.2875 319.96603834 275.63396166 -42.84408068 -131.6824950 196.18000000 71.560000000 6.7715737954 196.10057036
 340.15500000 505655.30185 6344716.1091 318.55837645 277.04162355 -44.05814546 -135.8609427 196.38113779 72.599900394 6.9335318326 196.30170815
 344.73000000 505654.06620 6344711.9111 317.22995522 278.37004478 -45.29379587 -140.0589401 196.58000000 73.640000000 6.9335318326 196.50057036
 347.80666667 505653.22070 6344709.0761 316.38923092 279.21076908 -46.13929849 -142.8938889 196.79197730 74.643140055 9.9814591451 196.71254765
 350.88333333 505652.36064 6344706.2306 315.60045378 279.99954622 -46.99935871 -145.7393567 197.00192542 75.646478471 9.9814591451 196.92249578
 353.96000000 505651.48630 6344703.3756 314.86387558 280.73612442 -47.87370201 -148.5944350 197.21000000 76.650000000 9.9814591451 197.13057036
 357.01000000 505650.61182 6344700.5340 314.18859567 281.41140433 -48.74818399 -151.4359865 197.16026213 77.766658099 10.993878382 197.08083248
 360.06000000 505649.73610 6344697.6797 313.57140694 282.02859306 -49.62390235 -154.2903291 197.11094289 78.883325064 10.993878382 197.03151324
 363.11000000 505648.85948 6344694.8136 313.01254423 282.58745577 -50.50052385 -157.1563767 197.06200000 80.000000000 10.993878382 196.98257036
 363.16500000 505648.84366 6344694.7618 313.00300304 282.59699696 -50.51633796 -157.2081602 197.06099994 80.019999999 10.922309705 196.98157029
 363.22000000 505648.82785 6344694.7101 312.99348075 282.60651925 -50.53215212 -157.2599472 197.06000000 80.040000000 10.922309705 196.98057036
 367.82000000 505647.49943 6344690.3720 312.24575920 283.35424080 -51.86057302 -161.5980296 197.15029258 81.249989372 7.9125960343 197.07086294
 372.42000000 505646.15985 6344686.0219 311.59404850 284.00595150 -53.20015305 -165.9481377 197.24000000 82.460000000 7.9125960343 197.16057036
 377.15000000 505644.74832 6344681.5507 310.98440541 284.61559459 -54.61168452 -170.4192564 197.96043286 82.729432089 4.8427516444 197.88100322
 381.88000000 505643.27983 6344677.0950 310.39687299 285.20312701 -56.08017112 -174.8749629 198.68000000 83.000000000 4.8427516444 198.60057036
 386.59000000 505641.78934 6344672.6650 309.83123279 285.76876721 -57.57065729 -179.3049864 198.66999574 83.204999897 1.3072633509 198.59056609
 391.30000000 505640.29899 6344668.2328 309.28232624 286.31767376 -59.06100550 -183.7371590 198.66000000 83.410000000 1.3072633509 198.58057036
 395.92000000 505638.84232 6344663.8826 308.75211664 286.84788336 -60.51767744 -188.0873940 198.52500000 83.409981868 0.8708313495 198.44557036
 400.54000000 505637.39590 6344659.5290 308.22190705 287.37809295 -61.96409535 -192.4410490 198.39000000 83.410000000 0.8708313495 198.31057036
 405.17500000 505635.93485 6344655.1638 307.69599673 287.90400327 -63.42514856 -196.8062440 198.78011525 83.559852061 2.6896776788 198.70068560
 409.81000000 505634.44368 6344650.8073 307.18214428 288.41785572 -64.91632119 -201.1626801 199.17000000 83.710000000 2.6896776788 199.09057036
 414.44000000 505632.95693 6344646.4526 306.68651524 288.91348476 -66.40306853 -205.5174168 198.68974464 83.999790978 3.6191285791 198.61031500
 419.07000000 505631.50595 6344642.0832 306.21419245 289.38580755 -67.85405392 -209.8867796 198.21000000 84.290000000 3.6191285791 198.13057036
 423.88500000 505629.99514 6344637.5371 305.74912912 289.85087088 -69.36486019 -214.4328591 198.71527782 84.624792438 3.7642361734 198.63584817
 428.70000000 505628.44347 6344633.0021 305.31209469 290.28790531 -70.91652907 -218.9679403 199.22000000 84.960000000 3.7642361734 199.14057036
 433.28000000 505626.94396 6344628.6938 304.92506700 290.67493300 -72.41604228 -223.2762281 199.32005471 85.344992941 2.6049699105 199.24062507
 437.86000000 505625.43610 6344624.3858 304.56871308 291.03128692 -73.92389728 -227.5842487 199.42000000 85.730000000 2.6049699105 199.34057036
 442.46000000 505623.89998 6344620.0642 304.24041932 291.35958068 -75.46002130 -231.9057699 199.87519294 86.084876934 3.7582549332 199.79576329
 447.06000000 505622.32892 6344615.7532 303.94056033 291.65943967 -77.03108052 -236.2167840 200.33000000 86.440000000 3.7582549332 200.25057036
 451.78000000 505620.69069 6344611.3371 303.66741860 291.93258140 -78.66931036 -240.6329020 200.53509322 86.924980355 3.3459504596 200.45566358
 456.50000000 505619.03592 6344606.9249 303.43417323 292.16582677 -80.32408225 -245.0451363 200.74000000 87.410000000 3.3459504596 200.66057036
 461.15000000 505617.39039 6344602.5823 303.23559944 292.36440056 -81.96960757 -249.3877168 200.92503704 87.694987997 2.1915964312 200.84560740
 465.80000000 505615.73052 6344598.2442 303.06013688 292.53986312 -83.62947809 -253.7258300 201.11000000 87.980000000 2.1915964312 201.03057036
 470.49000000 505614.06578 6344593.8653 302.87989028 292.72010972 -85.29422413 -258.1047002 200.68011410 87.614932910 3.6060099523 200.60068445
 475.18000000 505612.43437 6344589.4752 302.66979211 292.93020789 -86.92562795 -262.4947756 200.25000000 87.250000000 3.6060099523 200.17057036
 479.87500000 505610.83108 6344585.0716 302.41977698 293.18022302 -88.52892339 -266.8984254 199.92020428 86.644944479 4.4017534199 199.84077464
 484.57000000 505609.25415 6344580.6615 302.12027149 293.47972851 -90.10585343 -271.3085054 199.59000000 86.040000000 4.4017534199 199.51057036
 489.20000000 505607.72115 6344576.3060 301.80455271 293.79544729 -91.63884708 -275.6639693 199.34997174 86.139966238 1.6814087179 199.27054209
 493.83000000 505606.20624 6344571.9437 301.49689647 294.10310353 -93.15376162 -280.0263300 199.11000000 86.240000000 1.6814087179 199.03057036
 498.58500000 505604.66998 6344567.4568 301.18093386 294.41906614 -94.69001580 -284.5132091 198.85003062 86.139960377 1.7540518988 198.77060097
 503.34000000 505603.15429 6344562.9635 300.85669102 294.74330898 -96.20571494 -289.0064841 198.59000000 86.040000000 1.7540518988 198.51057036
 507.91500000 505601.71413 6344558.6344 300.54253222 295.05746778 -97.64586649 -293.3355972 198.36998818 86.084971229 1.4691943929 198.29055853
 512.49000000 505600.29054 6344554.2996 300.23195823 295.36804177 -99.06946139 -297.6704411 198.15000000 86.130000000 1.4691943929 198.07057036
 517.11500000 505598.85484 6344549.9182 299.89202529 295.70797471 -100.5051582 -302.0518308 198.29486072 85.439985459 4.5728169132 198.21543108
 521.74000000 505597.40945 6344545.5446 299.49657149 296.10342851 -101.9505491 -306.4253704 198.44000000 84.750000000 4.5728169132 198.36057036
 526.42000000 505595.94679 6344541.1221 299.06427656 296.53572344 -103.4132115 -310.8479007 198.32001961 84.649988334 0.9987417519 198.24058997
 531.10000000 505594.49363 6344536.6972 298.62384908 296.97615092 -104.8663706 -315.2727614 198.20000000 84.550000000 0.9987417519 198.12057036
 535.68000000 505593.07401 6344532.3649 298.20497146 297.39502854 -106.2859948 -319.6050701 198.24502808 84.954998452 2.6690376039 198.16559844
 540.26000000 505591.65009 6344528.0310 297.81834240 297.78165760 -107.7099094 -323.9389661 198.29000000 85.360000000 2.6690376039 198.21057036
 545.07000000 505590.17009 6344523.4735 297.42295546 298.17704454 -109.1899108 -328.4964738 197.85009653 85.209859411 2.8902960582 197.77066688
 549.88000000 505588.72545 6344518.9058 297.01501991 298.58498009 -110.6345528 -333.0642104 197.41000000 85.060000000 2.8902960582 197.33057036
 554.50500000 505587.35517 6344514.5099 296.60046763 298.99953237 -112.0048297 -337.4601253 197.37502315 84.654999009 2.6367336145 197.29559350
 559.13000000 505585.98848 6344510.1160 296.15336544 299.44663456 -113.3715169 -341.8539696 197.34000000 84.250000000 2.6367336145 197.26057036
 563.76000000 505584.61487 6344505.7209 295.68868901 299.91131099 -114.7451260 -346.2491030 197.52999330 84.229968488 1.2317002323 197.45056365
 568.39000000 505583.22675 6344501.3305 295.22240460 300.37759540 -116.1332534 -350.6395022 197.72000000 84.210000000 1.2317002323 197.64057036
 573.07500000 505581.84008 6344496.8798 294.77518147 300.82481853 -117.5199171 -355.0901803 197.04933931 84.834648752 5.8543770496 196.96990967
 577.76000000 505580.50424 6344492.4088 294.37885632 301.22114368 -118.8557604 -359.5611752 196.38000000 85.460000000 5.8543770496 196.30057036
 582.34000000 505579.20643 6344488.0312 294.04461763 301.55538237 -120.1535722 -363.9387696 196.80535260 86.169894945 5.4169543464 196.72592295
 586.92000000 505577.87508 6344483.6598 293.76700634 301.83299366 -121.4849222 -368.3102424 197.23000000 86.880000000 5.4169543464 197.15057036
 591.68000000 505576.45585 6344479.1263 293.49735018 302.10264982 -122.9041511 -372.8437253 197.69487795 86.624889105 3.3379519770 197.61544831
 596.44000000 505575.00026 6344474.6056 293.20654588 302.39345412 -124.3597432 -377.3643542 198.16000000 86.370000000 3.3379519770 198.08057036
 599.50666667 505574.03125 6344471.7051 292.99589415 302.60410585 -125.3287506 -380.2649366 198.94534794 85.752497737 9.7589268296 198.86591830
 602.57333333 505573.02335 6344468.8204 292.75230340 302.84769660 -126.3366476 -383.1496457 199.73195332 85.135791833 9.7589268296 199.65252367
 605.64000000 505571.97687 6344465.9524 292.47584746 303.12415254 -127.3831289 -386.0176070 200.52000000 84.520000000 9.7589268296 200.44057036
 610.24500000 505570.35154 6344461.6698 292.02125806 303.57874194 -129.0084561 -390.3001976 201.20454675 84.149584793 5.0514589240 201.12511710
 614.85000000 505568.67624 6344457.4098 291.53708549 304.06291451 -130.6837570 -394.5602313 201.89000000 83.780000000 5.0514589240 201.81057036
 619.48500000 505566.92590 6344453.1500 291.03062139 304.56937861 -132.4341005 -398.8199789 202.94478567 83.673936306 6.8208471118 202.86535603
 624.12000000 505565.09779 6344448.9241 290.51571469 305.08428531 -134.2622071 -403.0459181 204.00000000 83.570000000 6.8208471118 203.92057036
 627.32666667 505563.77822 6344446.0259 290.15058894 305.44941106 -135.5817783 -405.9441385 205.11901601 83.354124288 10.595143142 205.03958637
 630.53333333 505562.40288 6344443.1552 289.77353198 305.82646802 -136.9571218 -408.8147711 206.23900917 83.140763028 10.595143142 206.15957952
 633.74000000 505560.97230 6344440.3133 289.38469113 306.21530887 -138.3877006 -411.6566944 207.36000000 82.930000000 10.595143142 207.28057036
 636.82666667 505559.53830 6344437.6077 289.00654085 306.59345915 -139.8217011 -414.3622926 208.64704836 82.996514432 12.431703559 208.56761871
 639.91333333 505558.04368 6344434.9346 288.63204082 306.96795918 -141.3163213 -417.0353947 209.93372005 83.066526547 12.431703559 209.85429041
 643.00000000 505556.48918 6344432.2953 288.26137765 307.33862235 -142.8708163 -419.6746685 211.22000000 83.140000000 12.431703559 211.14057036
 646.14666667 505554.84620 6344429.6384 287.89453139 307.70546861 -144.5138007 -422.3316140 212.40154259 83.470632666 11.623472969 212.32211295
 649.29333333 505553.14769 6344427.0141 287.54580123 308.05419877 -146.2123129 -424.9558790 213.58151907 83.804014289 11.623472969 213.50208942
 652.44000000 505551.39442 6344424.4237 287.21534506 308.38465494 -147.9655837 -427.5462753 214.76000000 84.140000000 11.623472969 214.68057036
 655.52333333 505549.63607 6344421.9093 286.92400520 308.67599480 -149.7239271 -430.0607340 215.32809046 85.016209430 10.146862485 215.24866081
 658.60666667 505547.85054 6344419.4090 286.67965220 308.92034780 -151.5094605 -432.5609930 215.89466723 85.892905037 10.146862485 215.81523758
 661.69000000 505546.03841 6344416.9238 286.48236702 309.11763298 -153.3215923 -435.0462241 216.46000000 86.770000000 10.146862485 216.38057036
 666.38500000 505543.22573 6344413.1744 286.24685942 309.35314058 -156.1342679 -438.7956265 217.45054000 87.479624258 7.7794175035 217.37111036
 671.08000000 505540.34713 6344409.4721 286.06947594 309.53052406 -159.0128727 -442.4978929 218.44000000 88.190000000 7.7794175035 218.36057036
 674.16333333 505538.41628 6344407.0718 285.97171530 309.62828470 -160.9437203 -444.8981903 219.34665312 88.176209182 8.8180756954 219.26722348
 677.24666667 505536.44771 6344404.7024 285.87322515 309.72677485 -162.9122924 -447.2676165 220.25331991 88.162874734 8.8180756954 220.17389026
 680.33000000 505534.44190 6344402.3644 285.77403013 309.82596987 -164.9180967 -449.6055787 221.16000000 88.150000000 8.8180756954 221.08057036
 685.01000000 505531.35950 6344398.8500 285.59478196 310.00521804 -168.0004958 -453.1200173 221.50481568 87.459954013 4.9441550036 221.42538604
 689.69000000 505528.25766 6344395.3560 285.35922950 310.24077050 -171.1023425 -456.6139655 221.85000000 86.770000000 4.9441550036 221.77057036
 694.40500000 505525.12547 6344391.8440 285.09726341 310.50273659 -174.2345274 -460.1259874 221.76499268 86.859996552 0.7871043858 221.68556303
 699.12000000 505521.99823 6344388.3270 284.84269250 310.75730750 -177.3617682 -463.6429551 221.68000000 86.950000000 0.7871043858 221.60057036
 703.83000000 505518.84606 6344384.8391 284.58918618 311.01081382 -180.5139356 -467.1308519 222.68993273 86.879516141 6.4390377543 222.61050309
 708.54000000 505515.63312 6344381.4076 284.32993390 311.27006610 -183.7268802 -470.5624153 223.70000000 86.810000000 6.4390377543 223.62057036
 713.17500000 505512.42480 6344378.0752 284.06998063 311.53001937 -186.9352018 -473.8948350 224.28497110 86.759831471 3.7941816586 224.20554145
 717.81000000 505509.18278 6344374.7758 283.80598900 311.79401100 -190.1772201 -477.1941611 224.87000000 86.710000000 3.7941816586 224.79057036
 722.42500000 505505.92403 6344371.5200 283.55862246 312.04137754 -193.4359689 -480.4499865 225.34017796 87.144904100 4.1602080171 225.26074832
 727.04000000 505502.63744 6344368.2898 283.34625038 312.25374962 -196.7225592 -483.6801943 225.81000000 87.580000000 4.1602080171 225.73057036
 731.85000000 505499.20729 6344364.9267 283.14314872 312.45685128 -200.1527109 -487.0432867 225.48000000 87.579959908 2.0563764254 225.40057036
 736.66000000 505495.79656 6344361.5439 282.94004706 312.65995294 -203.5634357 -490.4260795 225.15000000 87.580000000 2.0563764254 225.07057036
 741.31000000 505492.50809 6344358.2647 282.74573071 312.85426929 -206.8519119 -493.7053196 225.17000072 87.629999856 0.3473890055 225.09057108
 745.96000000 505489.21835 6344354.9865 282.55546877 313.04453123 -210.1416514 -496.9835300 225.19000000 87.680000000 0.3473890055 225.11057036
 751.48000000 505485.31478 6344351.0922 282.34910395 313.25089605 -214.0452156 -500.8778312 225.10498193 88.034997839 1.9838178390 225.02555229
 757.00000000 505481.41617 6344347.1913 282.17692038 313.42307962 -217.9438268 -504.7787484 225.02000000 88.390000000 1.9838178390 224.94057036
 765.50000000 505475.40430 6344341.1905 281.97629139 313.62370861 -223.9556991 -510.7794865 225.24503866 88.904991559 1.9834859132 225.16560901
 774.00000000 505469.36787 6344335.2124 281.85204983 313.74795017 -229.9921263 -516.7575973 225.47000000 89.420000000 1.9834859132 225.39057036
 780.45000000 505464.77114 6344330.6916 281.81208649 313.78791351 -234.5888561 -521.2783814 225.64333238 89.870000183 2.2429167243 225.56390274
 786.90000000 505460.16068 6344326.1847 281.82278107 313.77721893 -239.1993229 -525.7853195 225.81665859 90.320001556 2.2429167243 225.73722894
 793.35000000 505455.53680 6344321.6919 281.88413280 313.71586720 -243.8232002 -530.2780924 225.99000000 90.770000000 2.2429167243 225.91057036
 798.11500000 505452.12422 6344318.3699 281.95918665 313.64081335 -247.2357793 -533.6000903 225.71002340 91.035012356 2.4269793930 225.63059375
 802.88000000 505448.72820 6344315.0316 282.05627562 313.54372438 -250.6317997 -536.9384465 225.43000000 91.300000000 2.4269793930 225.35057036
 807.53000000 505445.41568 6344311.7727 282.16745185 313.43254815 -253.9443221 -540.1972846 225.66498557 91.440012107 1.7643718048 225.58555592
 812.18000000 505442.09002 6344308.5277 282.28998659 313.31001341 -257.2699785 -543.4423095 225.90000000 91.580000000 1.7643718048 225.82057036
 816.82000000 505438.76907 6344305.2923 282.41731707 313.18268293 -260.5909304 -546.6776553 225.75499896 91.565005009 0.9421551441 225.67556932
 821.46000000 505435.45629 6344302.0486 282.54343326 313.05656674 -263.9037076 -549.9214183 225.61000000 91.550000000 0.9421551441 225.53057036
 826.11000000 505432.15627 6344298.7770 282.65136626 312.94863374 -267.2037252 -553.1929903 225.04491593 91.110053958 4.6195482018 224.96548628
 830.76000000 505428.88819 6344295.4726 282.72359640 312.87640360 -270.4718083 -556.4974357 224.48000000 90.670000000 4.6195482018 224.40057036
 835.40000000 505425.66031 6344292.1423 282.77097227 312.82902773 -273.6996929 -559.8277072 223.88998472 90.500026509 3.9697036904 223.81055508
 840.04000000 505422.46680 6344288.7789 282.80458139 312.79541861 -276.8931964 -563.1911274 223.30000000 90.330000000 3.9697036904 223.22057036
 847.04000000 505417.68993 6344283.6663 282.86200280 312.73799720 -281.6700675 -568.3037411 222.97001717 90.610010117 1.8547133044 222.89058753
 854.04000000 505412.94283 6344278.5265 282.95363075 312.64636925 -286.4171662 -573.4435150 222.64000000 90.890000000 1.8547133044 222.56057036
 860.94500000 505408.28375 6344273.4354 283.07504376 312.52495624 -291.0762468 -578.5345905 222.44501571 91.125006514 1.3266225003 222.36558606
 867.85000000 505403.64240 6344268.3289 283.22477233 312.37522767 -295.7175997 -583.6410817 222.25000000 91.360000000 1.3266225003 222.17057036
 874.85000000 505398.94710 6344263.1436 283.38907999 312.21092001 -300.4129027 -588.8264453 222.22999976 91.330000081 0.1545108160 222.15057011
 881.85000000 505394.25355 6344257.9565 283.54972345 312.05027655 -305.1064524 -594.0135106 222.21000000 91.300000000 0.1545108160 222.13057036
 888.62500000 505389.70315 6344252.9430 283.70195302 311.89804698 -309.6568472 -599.0269577 222.40500189 91.275007382 0.8703238620 222.32557225
 895.40000000 505385.13568 6344247.9451 283.85122716 311.74877284 -314.2243227 -604.0249375 222.60000000 91.250000000 0.8703238620 222.52057036
 902.40000000 505380.39681 6344242.7994 284.01126089 311.58873911 -318.9631876 -609.1706463 222.84498773 91.370012520 1.1689131528 222.76555808
 909.40000000 505375.63623 6344237.6742 284.18595121 311.41404879 -323.7237740 -614.2957878 223.09000000 91.490000000 1.1689131528 223.01057036
 916.57500000 505370.75940 6344232.4180 284.35186393 311.24813607 -328.6005995 -619.5520493 222.77996385 91.160016974 1.8929250982 222.70053420
 923.75000000 505365.91052 6344227.1348 284.47646010 311.12353990 -333.4494804 -624.8352359 222.47000000 90.830000000 1.8929250982 222.39057036
 930.75000000 505361.19477 6344221.9664 284.57877639 311.02122361 -338.1652292 -630.0036102 222.44500010 90.845000080 0.1249389769 222.36557045
 937.75000000 505356.48130 6344216.7960 284.68292507 310.91707493 -342.8787043 -635.1740218 222.42000000 90.860000000 0.1249389769 222.34057036
 944.62000000 505351.86357 6344211.7137 284.75966208 310.84033792 -347.4964329 -640.2563065 222.25499071 90.420001742 2.0520440172 222.17556107
 951.49000000 505347.26023 6344206.6178 284.78364292 310.81635708 -352.0997657 -645.3521549 222.09000000 89.980000000 2.0520440172 222.01057036
 958.49000000 505342.56681 6344201.4282 284.78089401 310.81910599 -356.7931900 -650.5418117 222.31999999 89.974999799 0.9859470824 222.24057035
 965.49000000 505337.85259 6344196.2574 284.77753424 310.82246576 -361.5074088 -655.7125859 222.55000000 89.970000000 0.9859470824 222.47057036
 972.43000000 505333.16872 6344191.1401 284.77268920 310.82731080 -366.1912793 -660.8298550 222.54500000 89.950000000 0.0891161137 222.46557036
 979.37000000 505328.48530 6344186.0225 284.76542165 310.83457835 -370.8747018 -665.9475313 222.54000000 89.930000000 0.0891161137 222.46057036
 986.37000000 505323.75733 6344180.8643 284.76481079 310.83518921 -375.6026688 -671.1057421 222.63499977 90.060000082 0.6900528988 222.55557013
 993.37000000 505319.02083 6344175.7139 284.78008242 310.81991758 -380.3391706 -676.2560942 222.73000000 90.190000000 0.6900528988 222.65057036
 1000.4450000 505314.23496 6344170.5071 284.80292659 310.79707341 -385.1250447 -681.4628678 222.60499993 90.180000428 0.5317261337 222.52557029
 1007.5200000 505309.46045 6344165.2899 284.82453595 310.77546405 -389.8995507 -686.6800729 222.48000000 90.170000000 0.5317261337 222.40057036
 1014.5200000 505304.73703 6344160.1276 284.85477373 310.74522627 -394.6229696 -691.8423588 222.59499824 90.325000655 0.8271488774 222.51556859
 1021.5200000 505300.00333 6344154.9749 284.90394801 310.69605199 -399.3566677 -696.9950747 222.71000000 90.480000000 0.8271488774 222.63057036
 1028.6400000 505295.17065 6344149.7503 284.94557754 310.65442246 -404.1893540 -702.2197368 222.98500462 90.190002188 1.6839364625 222.90557497
 1035.7600000 505290.31286 6344144.5488 284.95116972 310.64883028 -409.0471425 -707.4212309 223.26000000 89.900000000 1.6839364625 223.18057036
 1042.7600000 505285.52963 6344139.4419 284.91818311 310.68181689 -413.8303669 -712.5281243 223.15000501 89.559999189 1.5315007309 223.07057537
 1049.7600000 505280.75644 6344134.3260 284.84365899 310.75634101 -418.6035606 -717.6439581 223.04000000 89.220000000 1.5315007309 222.96057036
 1056.9600000 505275.83514 6344129.0754 284.74375814 310.85624186 -423.5248616 -722.8945975 223.40999726 89.189983113 1.5465723086 223.33056762
 1064.1600000 505270.88007 6344123.8567 284.64008775 310.95991225 -428.4799302 -728.1133087 223.78000000 89.160000000 1.5465723086 223.70057036
 1071.1600000 505266.03387 6344118.8103 284.54571125 311.05428875 -433.3261255 -733.1597146 224.06000812 89.294991582 1.3321126912 223.98057847
 1078.1600000 505261.16293 6344113.7875 284.46782689 311.13217311 -438.1970654 -738.1825230 224.34000000 89.430000000 1.3321126912 224.26057036
 1085.2550000 505256.21614 6344108.7056 284.42448636 311.17551364 -443.1438610 -743.2644400 224.27499887 89.869999916 1.8806558406 224.19556922
 1092.3500000 505251.27503 6344103.6179 284.43563113 311.16436887 -448.0849743 -748.3520542 224.21000000 90.310000000 1.8806558406 224.13057036
 1099.3500000 505246.43709 6344098.5630 284.47442328 311.12557672 -452.9229091 -753.4070494 223.43500115 90.325029733 3.3219971681 223.35557151
 1106.3500000 505241.66798 6344093.4430 284.51504803 311.08495197 -457.6920210 -758.5270120 222.66000000 90.340000000 3.3219971681 222.58057036
 1113.3550000 505236.93943 6344088.2787 284.55875600 311.04124400 -462.4205686 -763.6912820 222.45500082 90.375002400 0.8906295619 222.37557117
 1120.3600000 505232.22941 6344083.0976 284.60674299 310.99325701 -467.1305899 -768.8724166 222.25000000 90.410000000 0.8906295619 222.17057036
 1127.3600000 505227.52821 6344077.9153 284.66172034 310.93827966 -471.8317917 -774.0547427 222.33499898 90.490000539 0.5002452501 222.25556934
 1134.3600000 505222.81938 6344072.7400 284.72647117 310.87352883 -476.5406204 -779.2300270 222.42000000 90.570000000 0.5002452501 222.34057036
 1141.2400000 505218.19014 6344067.6544 284.78530899 310.81469101 -481.1698636 -784.3156129 222.35999880 90.410000225 0.7451141343 222.28056916
 1148.1200000 505213.56613 6344062.5639 284.82493473 310.77506527 -485.7938712 -789.4061455 222.30000000 90.250000000 0.7451141343 222.22057036
 1155.1200000 505208.86123 6344057.3847 284.86250277 310.73749723 -490.4987670 -794.5852732 222.36499917 90.365000235 0.5661333329 222.28556952
 1162.1200000 505204.15052 6344052.2110 284.91412043 310.68587957 -495.2094751 -799.7589939 222.43000000 90.480000000 0.5661333329 222.35057036
 1169.1350000 505199.41728 6344047.0375 284.96248198 310.63751802 -499.9427198 -804.9324708 222.64000337 90.310002082 1.1554490086 222.56057373
 1176.1500000 505194.66503 6344041.8814 284.99002989 310.60997011 -504.6949707 -810.0886477 222.85000000 90.140000000 1.1554490086 222.77057036
 1183.1500000 505189.91170 6344036.7465 285.00957756 310.59042244 -509.4482958 -815.2234656 222.88999991 90.180000044 0.2424360027 222.81057027
 1190.1500000 505185.15481 6344031.6150 285.03401212 310.56598788 -514.2051940 -820.3549526 222.93000000 90.220000000 0.2424360027 222.85057036
 1197.0450000 505180.47831 6344026.5522 285.05657603 310.54342397 -518.8816887 -825.4178413 222.68499925 90.155001417 1.1028640455 222.60556960
 1203.9400000 505175.82349 6344021.4693 285.07131784 310.52868216 -523.5365059 -830.5006962 222.44000000 90.090000000 1.1028640455 222.36057036
 1210.9400000 505171.09782 6344016.3091 285.09911235 310.50088765 -528.2621774 -835.6609217 222.68499251 90.365003337 1.5784414476 222.60556286
 1217.9400000 505166.35027 6344011.1693 285.16050376 310.43949624 -533.0097258 -840.8007359 222.93000000 90.640000000 1.5784414476 222.85057036
 1225.3300000 505161.32606 6344005.7546 285.24627342 310.35372658 -538.0339431 -846.2153773 222.94499984 90.690000024 0.2119129342 222.86557020
 1232.7200000 505156.30048 6344000.3414 285.33849161 310.26150839 -543.0595249 -851.6286463 222.96000000 90.740000000 0.2119129342 222.88057036
 1239.7200000 505151.53874 6343995.2150 285.42187273 310.17812727 -547.8212611 -856.7550236 222.97500033 90.625000021 0.4970315071 222.89557068
 1246.7200000 505146.77556 6343990.0897 285.49120479 310.10879521 -552.5844435 -861.8802663 222.99000000 90.510000000 0.4970315071 222.91057036
 1253.8450000 505141.91486 6343984.8847 285.56706027 310.03293973 -557.4451445 -867.0853361 223.24998875 90.710007310 1.3810869400 223.17055911
 1260.9700000 505137.03080 6343979.7019 285.66778481 309.93221519 -562.3292039 -872.2680710 223.51000000 90.910000000 1.3810869400 223.43057036
 1267.9700000 505132.23584 6343974.6066 285.74994477 309.85005523 -567.1241558 -877.3633734 223.16997860 90.435007659 2.5034430137 223.09054895
 1274.9700000 505127.47091 6343969.4826 285.77407437 309.82592563 -571.8890879 -882.4873618 222.83000000 89.960000000 2.5034430137 222.75057036
 1281.9550000 505122.72150 6343964.3646 285.76615009 309.83384991 -576.6384962 -887.6053913 223.04999970 89.909999337 0.9689763417 222.97057005
 1288.9400000 505117.95249 6343959.2649 285.75213025 309.84786975 -581.4075147 -892.7051398 223.27000000 89.860000000 0.9689763417 223.19057036
 1295.9400000 505113.17816 6343954.1496 285.72525187 309.87474813 -586.1818361 -897.8203921 222.94000483 89.699995024 1.5717341145 222.86057518
 1302.9400000 505108.43345 6343949.0070 285.67882604 309.92117396 -590.9265474 -902.9629822 222.61000000 89.540000000 1.5717341145 222.53057036
 1309.7750000 505103.82939 6343943.9593 285.62663521 309.97336479 -595.5306098 -908.0107192 222.28499815 89.584993324 1.4400531816 222.20556851
 1316.6100000 505099.25401 6343938.8855 285.57981245 310.02018755 -600.1059918 -913.0845195 221.96000000 89.630000000 1.4400531816 221.88057036
 1323.6100000 505094.58217 6343933.6765 285.55293448 310.04706552 -604.7778276 -918.2935458 221.97500010 89.929999998 1.2873204083 221.89557045
 1330.6100000 505089.90894 6343928.4686 285.56270831 310.03729169 -609.4510569 -923.5013822 221.99000000 90.230000000 1.2873204083 221.91057036
 1337.6300000 505085.22787 6343923.2410 285.59211358 310.00788642 -614.1321342 -928.7289670 221.85500021 90.250000694 0.5832143876 221.77557056
 1344.6500000 505080.55913 6343918.0024 285.62396928 309.97603072 -618.8008742 -933.9675588 221.72000000 90.270000000 0.5832143876 221.64057036
 1351.6500000 505075.90417 6343912.7784 285.66398080 309.93601920 -623.4558283 -939.1916000 221.84499831 90.385000916 0.7279317384 221.76556867
 1358.6500000 505071.23789 6343907.5646 285.71804191 309.88195809 -628.1221054 -944.4054029 221.97000000 90.500000000 0.7279317384 221.89057036
 1365.7250000 505066.51190 6343902.3035 285.75169056 309.84830944 -632.8481042 -949.6665009 222.05500053 90.045000050 1.9627051741 221.97557089
 1372.8000000 505061.77807 6343897.0494 285.72915518 309.87084482 -637.5819321 -954.9206148 222.14000000 89.590000000 1.9627051741 222.06057036
 1379.8000000 505057.07880 6343891.8651 285.70166629 309.89833371 -642.2811962 -960.1048936 222.40000117 89.959999588 1.9380672290 222.32057153
 1386.8000000 505052.35604 6343886.7022 285.71938134 309.88061866 -647.0039583 -965.2678181 222.66000000 90.330000000 1.9380672290 222.58057036
 1393.8400000 505047.59619 6343881.5192 285.76637922 309.83362078 -651.7638146 -970.4508225 222.62500049 90.435000081 0.4716451403 222.54557084
 1400.8800000 505042.83956 6343876.3333 285.82627819 309.77372181 -656.5204378 -975.6366614 222.59000000 90.540000000 0.4716451403 222.51057036
 1407.8800000 505038.09565 6343871.1903 285.89591660 309.70408340 -661.2643452 -980.7797319 222.94499611 90.600011516 1.5429234156 222.86556646
 1414.8800000 505033.32003 6343866.0767 285.97288502 309.62711498 -666.0399749 -985.8932550 223.30000000 90.660000000 1.5429234156 223.22057036
 1421.9000000 505028.51293 6343860.9650 286.02036180 309.57963820 -670.8470683 -991.0050298 223.34000076 90.115000028 2.3353242238 223.26057112
 1428.9200000 505023.70218 6343855.8565 286.00106467 309.59893533 -675.6578211 -996.1135449 223.38000000 89.570000000 2.3353242238 223.30057036
 1435.9200000 505018.89320 6343850.7739 285.95769333 309.64230667 -680.4667967 -1001.196125 223.61000294 89.719997744 1.1768060736 223.53057330
 1442.9200000 505014.06380 6343845.7106 285.93264774 309.66735226 -685.2961980 -1006.259424 223.84000000 89.870000000 1.1768060736 223.76057036
 1449.9650000 505009.19022 6343840.6272 285.92281107 309.67718893 -690.1697780 -1011.342776 223.90500006 89.969999981 0.5078860820 223.82557041
 1457.0100000 505004.31087 6343835.5494 285.92527024 309.67472976 -695.0491261 -1016.420599 223.97000000 90.070000000 0.5078860820 223.89057036
 1464.0100000 504999.47175 6343830.4954 285.94603983 309.65396017 -699.8882469 -1021.474625 223.70000444 90.270002998 1.4400132974 223.62057480
 1471.0100000 504994.65658 6343825.4187 285.99124379 309.60875621 -704.7034183 -1026.551315 223.43000000 90.470000000 1.4400132974 223.35057036
 1478.0400000 504989.84074 6343820.3016 286.05995303 309.54004697 -709.5192641 -1031.668368 223.25500624 90.650003032 1.0712934011 223.17557659
 1485.0700000 504985.04071 6343815.1701 286.15074624 309.44925376 -714.3192873 -1036.799924 223.08000000 90.830000000 1.0712934011 223.00057036
 1492.0700000 504980.25980 6343810.0621 286.26069796 309.33930204 -719.1001951 -1041.907918 223.28999131 90.970006514 1.0815573265 223.21056167
 1499.0700000 504975.46041 6343804.9719 286.38775146 309.21224854 -723.8995939 -1046.998144 223.50000000 91.110000000 1.0815573265 223.42057036
 1506.1150000 504970.63276 6343799.8459 286.48642245 309.11357755 -728.7272357 -1052.124149 223.22497450 90.495005701 2.8687475810 223.14554485
 1513.1600000 504965.82933 6343794.6963 286.50947740 309.09052260 -733.5306651 -1057.273743 222.95000000 89.880000000 2.8687475810 222.87057036
 1520.1600000 504961.06794 6343789.5689 286.49970356 309.10029644 -738.2920637 -1062.401103 222.97000002 89.959999998 0.3534090418 222.89057037
 1527.1600000 504956.30474 6343784.4432 286.49970356 309.10029644 -743.0552566 -1067.526805 222.99000000 90.040000000 0.3534090418 222.91057036
 1533.9150000 504951.70244 6343779.5023 286.49822984 309.10177016 -747.6575605 -1072.467688 223.10499976 89.934999869 0.6915944315 223.02557012
 1540.6700000 504947.09024 6343774.5707 286.48437695 309.11562305 -752.2697626 -1077.399313 223.22000000 89.830000000 0.6915944315 223.14057036
 1547.6700000 504942.30362 6343769.4669 286.48101719 309.11898281 -757.0563835 -1082.503134 223.26499955 90.115000035 1.2365602193 223.18556991
 1554.6700000 504937.51304 6343764.3669 286.51247662 309.08752338 -761.8469636 -1087.603142 223.31000000 90.400000000 1.2365602193 223.23057036
 1561.4900000 504932.85374 6343759.3905 286.56157694 309.03842306 -766.5062575 -1092.579460 223.08000074 90.425003424 1.0176616203 223.00057110
 1568.3100000 504928.21448 6343754.3956 286.61365297 308.98634703 -771.1455227 -1097.574424 222.85000000 90.450000000 1.0176616203 222.77057036
 1575.3100000 504923.45618 6343749.2657 286.67626597 308.92373403 -775.9038243 -1102.704281 223.00499661 90.575002104 0.8533581690 222.92556696
 1582.3100000 504918.68412 6343744.1489 286.75414984 308.84585016 -780.6758816 -1107.821136 223.16000000 90.700000000 0.8533581690 223.08057036
 1589.2500000 504913.93518 6343739.0923 286.81350090 308.78649910 -785.4248241 -1112.877700 223.40500878 90.280002560 2.1018715846 223.32557913
 1596.1900000 504909.16448 6343734.0559 286.82197986 308.77802014 -790.1955159 -1117.914092 223.65000000 89.860000000 2.1018715846 223.57057036
 1603.1900000 504904.33947 6343728.9884 286.81648207 308.78351793 -795.0205283 -1122.981637 223.69999986 90.050000019 0.8420091380 223.62057021
 1610.1900000 504899.51005 6343723.9250 286.83419714 308.76580286 -799.8499472 -1128.044955 223.75000000 90.240000000 0.8420091380 223.67057036
 1614.5950000 504896.46863 6343720.7411 286.85514734 308.74485266 -802.8913707 -1131.228949 223.78499979 90.305000057 0.5027732802 223.70557014
 1619.0000000 504893.42528 6343717.5589 286.88109478 308.71890522 -805.9347203 -1134.411065 223.82000000 90.370000000 0.5027732802 223.74057036
 1630.0000000 504885.82035 6343709.6177 286.94876951 308.65123049 -813.5396457 -1142.352338 223.86000014 90.335000082 0.1449551254 223.78057050
 1641.0000000 504878.20986 6343701.6817 287.00972483 308.59027517 -821.1501405 -1150.288328 223.90000000 90.300000000 0.1449551254 223.82057036
