# WELL TRACE FROM PETREL 
# WELL NAME:              105141509506W400
# DEFINITIVE SURVEY:      P121P10 Definitive Survey
# WELL HEAD X-COORDINATE: 505232.18000000 (m)
# WELL HEAD Y-COORDINATE: 6344194.69000000 (m)
# WELL DATUM (KB, KB, from MSL): 597.40000000 (m)
# WELL TYPE:              OIL
# MD AND TVD ARE REFERENCED (=0) AT WELL DATUM AND INCREASE DOWNWARDS
# ANGLES ARE GIVEN IN DEGREES
# XYZ TRACE IS GIVEN IN COORDINATE SYSTEM UTM83-12 ("MENTOR:UTM83-12:NAD83 UTM, Zone 12 North, Meter") [SIS,502388]
# AZIM_TN: azimuth in True North 
# AZIM_GN: azimuth in Grid North 
# DX DY ARE GIVEN IN GRID NORTH IN m-UNITS
# DEPTH (Z, tvd_z) GIVEN IN m-UNITS
#===============================================================================================================================================
      MD            X            Y            Z           TVD           DX          DY        AZIM_TN        INCL         DLS        AZIM_GN
#===============================================================================================================================================
 0.0000000000 505232.18000 6344194.6900 597.40000000 0.0000000000 -0.000000013 0.0000000009 0.0000000000 0.0000000000 0.0000000000 359.92709773
 9.2000000000 505232.18000 6344194.6900 588.20000000 9.2000000000 -0.000000013 0.0000000009 0.0000000000 0.0000000000 0.0000000000 359.92709773
 12.605000000 505232.18341 6344194.6941 584.79500560 12.604994399 0.0034077144 0.0041196616 39.670000000 0.1800000000 1.5859030837 39.597097730
 16.010000000 505232.19363 6344194.7065 581.39004481 16.009955192 0.0136308629 0.0164785990 39.670000000 0.3600000000 1.5859030837 39.597097730
 21.030000000 505232.22692 6344194.7222 576.37018810 21.029811897 0.0469215604 0.0321821747 81.373562458 0.5369562538 2.1487339197 81.300660189
 26.050000000 505232.28660 6344194.7207 571.35055160 26.049448405 0.1066006687 0.0307038827 97.940000000 0.8400000000 2.1487339197 97.867097730
 30.765000000 505232.35868 6344194.6939 566.63619003 30.763809966 0.1786766495 0.0039435336 120.27341625 1.0649306869 2.7350934387 120.20051398
 35.480000000 505232.43801 6344194.6326 561.92226884 35.477731158 0.2580116241 -0.057421216 133.55000000 1.3900000000 2.7350934387 133.47709773
 40.180000000 505232.53512 6344194.5339 557.22433124 40.175668763 0.3551205354 -0.156066293 136.90157345 1.9881747155 3.8682323068 136.82867118
 44.880000000 505232.66104 6344194.3948 552.52810273 44.871897275 0.4810413235 -0.295162016 138.70000000 2.5900000000 3.8682323068 138.62709773
 49.560000000 505232.80548 6344194.2225 547.85352140 49.546478596 0.6254841340 -0.467541661 141.36364843 2.9224932985 2.2834866399 141.29074616
 54.240000000 505232.95936 6344194.0226 543.18033639 54.219663608 0.7793584167 -0.667399392 143.48000000 3.2600000000 2.2834866399 143.40709773
 56.620000000 505233.04118 6344193.9100 540.80441551 56.595584489 0.8611750646 -0.780025699 144.64051411 3.4493676613 2.5357133982 144.56761184
 59.000000000 505233.12533 6344193.7893 538.42896957 58.971030427 0.9453253584 -0.900658208 145.68000000 3.6400000000 2.5357133982 145.60709773
 67.000000000 505233.42959 6344193.3419 530.44732886 66.952671136 1.2495935535 -1.348121290 146.01489233 4.1199444799 1.8017891973 145.94199006
 75.000000000 505233.76883 6344192.8374 522.47050327 74.929496735 1.5888253248 -1.852605708 146.28000000 4.6000000000 1.8017891973 146.20709773
 78.220000000 505233.91525 6344192.6182 519.26132090 78.138679099 1.7352528081 -2.071790445 146.37365153 4.7949941217 1.8181195370 146.30074926
 81.440000000 505234.06739 6344192.3897 516.05305460 81.346945398 1.8873859376 -2.300291146 146.46000000 4.9900000000 1.8181195370 146.38709773
 86.140000000 505234.31273 6344192.0264 511.37359686 86.026403136 2.1327313093 -2.663644632 145.68222438 5.7195946414 4.6798699002 145.60932211
 90.840000000 505234.59630 6344191.6170 506.70010733 90.699892665 2.4162978365 -3.073017161 145.08000000 6.4500000000 4.6798699002 145.00709773
 95.510000000 505234.92386 6344191.1591 502.06424672 95.335753279 2.7438577904 -3.530875070 143.97993470 7.4039572066 6.1869084561 143.90703243
 100.18000000 505235.30501 6344190.6448 497.43841794 99.961582055 3.1250129009 -4.045158720 143.13000000 8.3600000000 6.1869084561 143.05709773
 103.33000000 505235.59976 6344190.2661 494.32525162 103.07474838 3.4197648140 -4.423900700 141.31665092 9.1763420219 8.2073605431 141.24374865
 106.48000000 505235.93368 6344189.8617 491.21927859 106.18072141 3.7536783207 -4.828284546 139.79848138 10.000251014 8.2073605431 139.72557912
 109.63000000 505236.30668 6344189.4318 488.12120150 109.27879850 4.1266778826 -5.258218778 138.51000000 10.830000000 8.2073605431 138.43709773
 112.72666667 505236.71248 6344188.9844 485.08408900 112.31591100 4.5324814402 -5.705583607 137.25997650 11.675614500 8.5257327106 137.18707423
 115.82333333 505237.15809 6344188.5128 482.05625272 115.34374728 4.9780878459 -6.177241934 136.17703632 12.525912152 8.5257327106 136.10413405
 118.92000000 505237.64339 6344188.0169 479.03840697 118.36159303 5.4633919737 -6.673082490 135.23000000 13.380000000 8.5257327106 135.15709773
 122.05666667 505238.17528 6344187.4878 475.99289480 121.40710520 5.9952751209 -7.202197858 134.63639847 14.308777929 8.9862706057 134.56349620
 125.19333333 505238.74755 6344186.9295 472.95995818 124.44004182 6.5675469149 -7.760540463 134.11379173 15.238852539 8.9862706057 134.04088946
 128.33000000 505239.36005 6344186.3420 469.94041267 127.45958733 7.1800534702 -8.347960162 133.65000000 16.170000000 8.9862706057 133.57709773
 131.49000000 505240.01685 6344185.7176 466.91331014 130.48668986 7.8368528138 -8.972420798 133.60546008 17.176658406 9.5576529532 133.53255781
 134.65000000 505240.71256 6344185.0571 463.90260326 133.49739674 8.5325625441 -9.632904799 133.56571161 18.183325531 9.5576529532 133.49280934
 137.81000000 505241.44697 6344184.3608 460.90922152 136.49077848 9.2669678758 -10.32920825 133.53000000 19.190000000 9.5576529532 133.45709773
 140.93666667 505242.21017 6344183.6394 457.96439177 139.43560823 10.030166302 -11.05064515 133.39620335 20.079911236 8.5494784522 133.32330108
 144.06333333 505243.00818 6344182.8884 455.03623575 142.36376425 10.828180418 -11.80161973 133.27331444 20.969915009 8.5494784522 133.20041217
 147.19000000 505243.84082 6344182.1080 452.12546164 145.27453836 11.660817225 -12.58195037 133.16000000 21.860000000 8.5494784522 133.08709773
 150.34666667 505244.71829 6344181.2902 449.20582164 148.19417836 12.538292566 -13.39981053 132.96200183 22.826449709 9.2126460175 132.88909956
 153.50333333 505245.63448 6344180.4419 446.30683989 151.09316011 13.454476814 -14.24808593 132.77926481 23.793125213 9.2126460175 132.70636254
 156.66000000 505246.58911 6344179.5635 443.42934621 153.97065379 14.409107723 -15.12653376 132.61000000 24.760000000 9.2126460175 132.53709773
 159.81333333 505247.58027 6344178.6614 440.57527198 156.82472802 15.400272864 -16.02861653 132.15475025 25.565378510 7.8803067483 132.08184798
 162.96666667 505248.60816 6344177.7403 437.74034166 159.65965834 16.428157294 -16.94972348 131.72551292 26.372084740 7.8803067483 131.65261065
 166.12000000 505249.67255 6344176.8003 434.92514773 162.47485227 17.492546191 -17.88966211 131.32000000 27.180000000 7.8803067483 131.24709773
 169.21666667 505250.75564 6344175.8640 432.17965953 165.22034047 18.575642933 -18.82600270 130.52274339 27.922407623 8.0305756261 130.44984112
 172.31333333 505251.87855 6344174.9196 429.45301731 167.94698269 19.698553747 -19.77043310 129.76365132 28.669185866 8.0305756261 129.69074905
 175.41000000 505253.04104 6344173.9672 426.74579177 170.65420823 20.861043598 -20.72275564 129.04000000 29.420000000 8.0305756261 128.96709773
 178.50666667 505254.23988 6344173.0004 424.05966262 173.34033738 22.059878865 -21.68959566 128.87901090 30.256484353 8.1407865319 128.80610863
 181.60333333 505255.47181 6344172.0124 421.39631546 176.00368454 23.291813659 -22.67757169 128.72588475 31.093155966 8.1407865319 128.65298248
 184.70000000 505256.73658 6344171.0035 418.75632317 178.64367683 24.556583003 -23.68647123 128.58000000 31.930000000 8.1407865319 128.50709773
 187.81000000 505258.03919 6344169.9697 416.12873965 181.27126035 25.859193553 -24.72026634 128.44075088 32.749856278 7.9411526649 128.36784861
 190.92000000 505259.37362 6344168.9158 413.52523206 183.87476794 27.193619737 -25.77415252 128.30756340 33.569859829 7.9411526649 128.23466113
 194.03000000 505260.73959 6344167.8421 410.94633787 186.45366213 28.559586076 -26.84791220 128.18000000 34.390000000 7.9411526649 128.10709773
 198.80500000 505262.89643 6344166.1661 407.03061074 190.36938926 30.716429207 -28.52394703 127.67236925 35.428990629 6.7780047525 127.59946698
 203.58000000 505265.12378 6344164.4659 403.16512739 194.23487261 32.943778955 -30.22413029 127.19000000 36.470000000 6.7780047525 127.11709773
 206.70333333 505266.62213 6344163.3368 400.66866561 196.73133439 34.442132137 -31.35319712 126.95718955 37.402906525 9.0608669540 126.88428728
 209.82666667 505268.15732 6344162.1895 398.20310072 199.19689928 35.977318026 -32.50047524 126.73409040 38.336250468 9.0608669540 126.66118813
 212.95000000 505269.72892 6344161.0243 395.76910105 201.63089895 37.548920485 -33.66565369 126.52000000 39.270000000 9.0608669540 126.44709773
 216.07666667 505271.34401 6344159.8469 393.36542729 204.03457271 39.164009498 -34.84311057 125.81968836 40.242708445 10.274675826 125.74678609
 219.20333333 505273.00617 6344158.6653 390.99611774 206.40388226 40.826165456 -36.02465340 125.14697781 41.219471641 10.274675826 125.07407555
 222.33000000 505274.71481 6344157.4801 388.66199999 208.73800001 42.534807771 -37.20986949 124.50000000 42.200000000 10.274675826 124.42709773
 225.42000000 505276.44478 6344156.3058 386.38767584 211.01232416 44.264780886 -38.38420227 123.98828983 43.011163858 8.5633650405 123.91538756
 228.51000000 505278.21166 6344155.1290 384.14323391 213.25676609 46.031664949 -39.56102346 123.49190037 43.824539043 8.5633650405 123.41899810
 231.60000000 505280.01504 6344153.9499 381.92920611 215.47079389 47.835041245 -40.74005416 123.01000000 44.640000000 8.5633650405 122.93709773
 234.72666667 505281.87276 6344152.7432 379.72362283 217.67637717 49.692756158 -41.94677292 123.14782950 45.633176635 9.5753980453 123.07492723
 237.85333333 505283.75933 6344151.5114 377.55678691 219.84321309 51.579334113 -43.17859384 123.28106225 46.626513482 9.5753980453 123.20815998
 240.98000000 505285.67420 6344150.2549 375.42935570 221.97064430 53.494202773 -44.43514322 123.41000000 47.620000000 9.5753980453 123.33709773
 244.07000000 505287.59261 6344148.9878 373.36590257 224.03409743 55.412611732 -45.70222976 123.62277917 48.586293942 9.5066676840 123.54987690
 247.16000000 505289.53506 6344147.6946 371.34153856 226.05846144 57.355060608 -46.99542543 123.82931889 49.552968396 9.5066676840 123.75641662
 250.25000000 505291.50098 6344146.3756 369.35685489 228.04314511 59.320982089 -48.31435254 124.03000000 50.520000000 9.5066676840 123.95709773
 253.46000000 505293.57017 6344144.9832 367.33734168 230.06265832 61.390173045 -49.70679114 123.99233612 51.506655168 9.2251343386 123.91943385
 256.67000000 505295.66881 6344143.5729 365.36109222 232.03890778 63.488811446 -51.11707015 123.95568998 52.493322071 9.2251343386 123.88278771
 259.88000000 505297.79627 6344142.1452 363.42869305 233.97130695 65.616274427 -52.54477099 123.92000000 53.480000000 9.2251343386 123.84709773
 263.00333333 505299.89398 6344140.7429 361.58940336 235.81059664 67.713981580 -53.94711168 123.75308164 54.363112080 8.5807967969 123.68017937
 266.12666667 505302.01908 6344139.3311 359.78924307 237.61075693 69.839076438 -55.35891982 123.58981253 55.246449395 8.5807967969 123.51691026
 269.25000000 505304.17104 6344137.9101 358.02864981 239.37135019 71.991042375 -56.77985221 123.43000000 56.130000000 8.5807967969 123.35709773
 272.30666667 505306.30252 6344136.5104 356.34476529 241.05523471 74.122518602 -58.17955391 123.30081799 57.013205228 8.7326583671 123.22791572
 275.36333333 505308.45858 6344135.1015 354.70040537 242.69959463 76.278580695 -59.58852318 123.17419580 57.896540833 8.7326583671 123.10129353
 278.42000000 505310.63871 6344133.6836 353.09596657 244.30403343 78.458708713 -61.00642023 123.05000000 58.780000000 8.7326583671 122.97709773
 282.96500000 505313.92139 6344131.5586 350.78241598 246.61758402 81.741392057 -63.13138068 122.92850156 60.019945616 8.2135155842 122.85559930
 287.51000000 505317.24982 6344129.4139 348.55406435 248.84593565 85.069816927 -65.27607431 122.81000000 61.260000000 8.2135155842 122.73709773
 290.61000000 505319.54748 6344127.9383 347.08878009 250.31121991 87.367475323 -66.75169886 122.75564040 62.323312963 10.300562087 122.68273813
 293.71000000 505321.86901 6344126.4504 345.67444313 251.72555687 89.689007511 -68.23957717 122.70232897 63.386646731 10.300562087 122.62942670
 296.81000000 505324.21361 6344124.9508 344.31154155 253.08845845 92.033612334 -69.73919579 122.65000000 64.450000000 10.300562087 122.57709773
 299.93666667 505326.60079 6344123.4272 342.98893669 254.41106331 94.420794081 -71.26282158 122.59239930 65.499978966 10.086863630 122.51949703
 303.06333333 505329.00953 6344121.8932 341.71846988 255.68153012 96.829527033 -72.79682532 122.53575284 66.549979421 10.086863630 122.46285057
 306.19000000 505331.43900 6344120.3493 340.50056882 256.89943118 99.259000295 -74.34069059 122.48000000 67.600000000 10.086863630 122.40709773
 310.76500000 505335.01799 6344118.0716 338.79212939 258.60787061 102.83799155 -76.61836603 122.61084273 68.544949796 6.2472982821 122.53794046
 315.34000000 505338.61505 6344115.7710 337.15391674 260.24608326 106.43504743 -78.91902019 122.74000000 69.490000000 6.2472982821 122.66709773
 318.41333333 505341.04625 6344114.2124 336.10590112 261.29409888 108.86624745 -80.47764903 122.73324156 70.633333094 11.160690569 122.66033929
 321.48666667 505343.49474 6344112.6430 335.11574153 262.28425847 111.31474478 -82.04696248 122.72657727 71.776666433 11.160690569 122.65367501
 324.56000000 505345.95956 6344111.0637 334.18383223 263.21616777 113.77956443 -83.62633565 122.72000000 72.920000000 11.160690569 122.64709773
 327.64333333 505348.44635 6344109.4667 333.30907819 264.09092181 116.26634668 -85.22331073 122.84139179 74.116601758 11.697567324 122.76848952
 330.72666667 505350.94456 6344107.8549 332.49625943 264.90374057 118.76456326 -86.83506943 122.96134909 75.313270417 11.697567324 122.88844682
 333.81000000 505353.45311 6344106.2291 331.74573383 265.65426617 121.27311426 -88.46090211 123.08000000 76.510000000 11.697567324 123.00709773
 336.87333333 505355.95770 6344104.6079 331.05620404 266.34379596 123.77769906 -90.08209520 122.89533125 77.473211821 9.5961432007 122.82242898
 339.93666667 505358.47687 6344102.9887 330.41694881 266.98305119 126.29686921 -91.70127541 122.71203714 78.436548728 9.5961432007 122.63913487
 343.00000000 505361.00989 6344101.3720 329.82815510 267.57184490 128.82988793 -93.31796916 122.53000000 79.400000000 9.5961432007 122.45709773
 347.63500000 505364.86417 6344098.9405 328.99243111 268.40756889 132.68417214 -95.74952878 122.10944083 79.824732332 3.8374647261 122.03653856
 352.27000000 505368.74134 6344096.5340 328.19054719 269.20945281 136.56133507 -98.15597204 121.69000000 80.250000000 3.8374647261 121.61709773
 356.88500000 505372.61059 6344094.1585 327.37370408 270.02629592 140.43058920 -100.5314593 121.55040859 79.359968962 5.8542065857 121.47750632
 361.50000000 505376.47434 6344091.7994 326.48640810 270.91359190 144.29434375 -102.8905911 121.41000000 78.470000000 5.8542065857 121.33709773
 366.27000000 505380.47034 6344089.3820 325.52542175 271.87457825 148.29033852 -105.3080084 121.08022095 78.284811058 2.3417430761 121.00731868
 371.04000000 505384.47751 6344086.9892 324.54935453 272.85064547 152.29750629 -107.7007679 120.75000000 78.100000000 2.3417430761 120.67709773
 375.65500000 505388.36701 6344084.6893 323.62000067 273.77999933 156.18700652 -110.0007241 120.58968372 78.664956948 3.8117525703 120.51678145
 380.27000000 505392.27062 6344082.3957 322.73526784 274.66473216 160.09062289 -112.2943396 120.43000000 79.230000000 3.8117525703 120.35709773
 385.09000000 505396.37769 6344080.0346 321.85703023 275.54296977 164.19768841 -114.6553773 119.50341273 79.773695467 6.6035510074 119.43051046
 389.91000000 505400.52945 6344077.7363 321.02391314 276.37608686 168.34945186 -116.9537467 118.58000000 80.320000000 6.6035510074 118.50709773
 394.44000000 505404.47043 6344075.6410 320.26018808 277.13981192 172.29042532 -119.0489536 117.56015265 80.268487445 6.6660156936 117.48725038
 398.97000000 505408.44748 6344073.6166 319.49256662 277.90743338 176.26747677 -121.0733705 116.54000000 80.220000000 6.6660156936 116.46709773
 403.67500000 505412.61170 6344071.5809 318.69592558 278.70407442 180.43169743 -123.1090751 115.70983878 80.283999990 5.2327803574 115.63693651
 408.38000000 505416.80578 6344069.6054 317.90454572 279.49545428 184.62578444 -125.0846280 114.88000000 80.350000000 5.2327803574 114.80709773
 413.06500000 505421.01327 6344067.7035 317.12255788 280.27744212 188.83326582 -126.9865378 113.91475874 80.433668274 6.1176400163 113.84185647
 417.75000000 505425.25324 6344065.8722 316.34742391 281.05257609 193.07324172 -128.8177747 112.95000000 80.520000000 6.1176400163 112.87709773
 422.46000000 505429.54845 6344064.1087 315.56813045 281.83186955 197.36844682 -130.5813207 111.84027752 80.433237934 6.9927489383 111.76737525
 427.17000000 505433.87593 6344062.4291 314.78194650 282.61805350 201.69592712 -132.2609090 110.73000000 80.350000000 6.9927489383 110.65709773
 430.29666667 505436.76825 6344061.3651 314.26169656 283.13830344 204.58825124 -133.3248828 109.80921753 80.494271828 8.8209351875 109.73631526
 433.42333333 505439.67853 6344060.3473 313.74927652 283.65072348 207.49853002 -134.3426920 108.88921763 80.640951777 8.8209351875 108.81631536
 436.55000000 505442.60601 6344059.3759 313.24481829 284.15518171 210.42601421 -135.3140747 107.97000000 80.790000000 8.8209351875 107.89709773
 441.31500000 505447.09690 6344057.9706 312.50734428 284.89265572 214.91689616 -136.7193505 106.92831248 81.403605048 7.5435942244 106.85541021
 446.08000000 505451.61988 6344056.6450 311.82044318 285.57955682 219.43987729 -138.0450352 105.89000000 82.020000000 7.5435942244 105.81709773
 450.59500000 505455.93415 6344055.4717 311.20486769 286.19513231 223.75414568 -139.2183263 104.68417633 82.308319358 8.1652139823 104.61127406
 455.11000000 505460.27510 6344054.3886 310.61193993 286.78806007 228.09510022 -140.3013708 103.48000000 82.600000000 8.1652139823 103.40709773
 458.20333333 505463.26428 6344053.7068 310.21094579 287.18905421 231.08428419 -140.9831893 102.36381639 82.503840764 10.774154981 102.29091412
 461.29666667 505466.26553 6344053.0835 309.80487963 287.59512037 234.08553218 -141.6065012 101.24714693 82.410495205 10.774154981 101.17424466
 464.39000000 505469.27772 6344052.5189 309.39389409 288.00610591 237.09771589 -142.1710721 100.13000000 82.320000000 10.774154981 100.05709773
 467.46333333 505472.27917 6344052.0159 308.97440336 288.42559664 240.09916608 -142.6740536 99.041775011 81.990435945 11.003905190 98.968872741
 470.53666667 505475.28721 6344051.5705 308.53748266 288.86251734 243.10720925 -143.1195361 97.951794781 81.663728274 11.003905190 97.878892511
 473.61000000 505478.30068 6344051.1827 308.08330112 289.31669888 246.12068101 -143.5073471 96.860000000 81.340000000 11.003905190 96.787097730
 476.82333333 505481.45665 6344050.8352 307.59716309 289.80283691 249.27665024 -143.8547866 95.850437447 81.257317806 9.3488135923 95.777535177
 480.03666667 505484.61756 6344050.5435 307.10651582 290.29348418 252.43756212 -144.1464904 94.840433976 81.177309132 9.3488135923 94.767531706
 483.25000000 505487.78245 6344050.3076 306.61150918 290.78849082 255.60245117 -144.3823693 93.830000000 81.100000000 9.3488135923 93.757097730
 486.31333333 505490.80245 6344050.1372 306.13511065 291.26488935 258.62245420 -144.5528403 92.777194971 81.007001171 10.225585651 92.704292701
 489.37666667 505493.82432 6344050.0222 305.65387979 291.74612021 261.64431629 -144.6677502 91.723857646 80.916990531 10.225585651 91.650955376
 492.44000000 505496.84703 6344049.9629 305.16797641 292.23202359 264.66703388 -144.7270608 90.670000000 80.830000000 10.225585651 90.597097730
 495.49666667 505499.86235 6344049.9601 304.67451882 292.72548118 267.68235215 -144.7298521 89.581508181 80.589963216 10.802999273 89.508605911
 498.55333333 505502.87510 6344050.0146 304.16851533 293.23148467 270.69510065 -144.6753603 88.491514422 80.353266431 10.802999273 88.418612152
 501.61000000 505505.88417 6344050.1264 303.65015269 293.74984731 273.70416755 -144.5636054 87.400000000 80.120000000 10.802999273 87.327097730
 504.79000000 505509.01122 6344050.2966 303.10525814 294.29474186 276.83122138 -144.3933562 86.513174319 80.147688919 8.2466842756 86.440272049
 507.97000000 505512.13554 6344050.5153 302.56194100 294.83805900 279.95553907 -144.1747137 85.626503697 80.177691454 8.2466842756 85.553601427
 511.15000000 505515.25639 6344050.7823 302.02032772 295.37967228 283.07639341 -143.9077288 84.740000000 80.210000000 8.2466842756 84.667097730
 514.36000000 505518.40391 6344051.0974 301.48200099 295.91799901 286.22390683 -143.5926222 83.972119742 80.481674861 7.5166170733 83.899217473
 517.57000000 505521.54943 6344051.4549 300.95873184 296.44126816 289.36942599 -143.2351109 83.205463229 80.755025375 7.5166170733 83.132560959
 520.78000000 505524.69233 6344051.8547 300.45062337 296.94937663 292.51233110 -142.8352652 82.440000000 81.030000000 7.5166170733 82.367097730
 525.41000000 505529.21824 6344052.5017 299.73144842 297.66855158 297.03823733 -142.1882685 81.434807706 81.098652613 6.4494339947 81.361905436
 530.04000000 505533.73296 6344053.2282 299.01786212 298.38213788 301.55296302 -141.4618493 80.430000000 81.170000000 6.4494339947 80.357097730
 534.61000000 505538.17362 6344054.0235 298.29953437 299.10046563 305.99361577 -140.6664916 79.406239078 80.743544462 7.2032352829 79.333336808
 539.18000000 505542.59398 6344054.8971 297.54774854 299.85225146 310.41398323 -139.7928815 78.380000000 80.320000000 7.2032352829 78.307097730
 543.95000000 505547.18873 6344055.8935 296.75401747 300.64598253 315.00872505 -138.7964503 77.294352029 80.523331681 6.8531517061 77.221449759
 548.72000000 505551.76651 6344056.9775 295.97712074 301.42287926 319.58650820 -137.7125460 76.210000000 80.730000000 6.8531517061 76.137097730
 551.80666667 505554.71860 6344057.7283 295.48587034 301.91412966 322.53859722 -136.9617027 75.395652095 80.954887902 8.1138853608 75.322749825
 554.89333333 505557.66157 6344058.5215 295.00663252 302.39336748 325.48156938 -136.1685073 74.582325243 81.181570528 8.1138853608 74.509422973
 557.98000000 505560.59480 6344059.3569 294.53950901 302.86049099 328.41479990 -135.3331282 73.770000000 81.410000000 8.1138853608 73.697097730
 561.16333333 505563.60826 6344060.2614 294.06370856 303.33629144 331.42826339 -134.4285945 72.960043991 81.398306000 7.5481555350 72.887141722
 564.34666667 505566.60855 6344061.2084 293.58731221 303.81268779 334.42855303 -133.4815789 72.150041592 81.388305304 7.5481555350 72.077139322
 567.53000000 505569.59508 6344062.1977 293.11041305 304.28958695 337.41508254 -132.4922665 71.340000000 81.380000000 7.5481555350 71.267097730
 572.34500000 505574.08753 6344063.7666 292.38783080 305.01216920 341.90752556 -130.9234035 70.305054903 81.358611414 6.3766275009 70.232152633
 577.16000000 505578.55066 6344065.4163 291.66358683 305.73641317 346.37066015 -129.2737362 69.270000000 81.340000000 6.3766275009 69.197097730
 580.19666667 505581.34652 6344066.5062 291.20627601 306.19372399 349.16651686 -128.1837953 68.280002235 81.337453030 9.6689318516 68.207099965
 583.23333333 505584.12311 6344067.6443 290.74889846 306.65110154 351.94311487 -127.0457144 67.289997765 81.337453030 9.6689318516 67.217095495
 586.27000000 505586.87964 6344068.8302 290.29158764 307.10841236 354.69964403 -125.8598254 66.300000000 81.340000000 9.6689318516 66.227097730
 589.48333333 505589.77782 6344070.1322 289.81990077 307.58009923 357.59782228 -124.5577954 65.461510720 81.778299623 8.7581282914 65.388608450
 592.69666667 505592.65985 6344071.4779 289.37259098 308.02740902 360.47984856 -123.2120510 64.624876595 82.218332110 8.7581282914 64.551974325
 595.91000000 505595.52495 6344072.8670 288.94977817 308.45022183 363.34495031 -121.8229527 63.790000000 82.660000000 8.7581282914 63.717097730
 598.98000000 505598.24388 6344074.2375 288.56707590 308.83292410 366.06387896 -120.4524727 62.855256168 83.018195673 9.7154864406 62.782353898
 602.05000000 505600.94218 6344075.6532 288.20347327 309.19652673 368.76217651 -119.0367674 61.921946133 83.378228410 9.7154864406 61.849043863
 605.12000000 505603.61903 6344077.1137 287.85907973 309.54092027 371.43903050 -117.5762630 60.990000000 83.740000000 9.7154864406 60.917097730
 609.87000000 505607.72091 6344079.4480 287.33963035 310.06036965 375.54091066 -115.2420119 59.870075482 83.703806770 7.0345018345 59.797173212
 614.62000000 505611.77611 6344081.8618 286.81729677 310.58270323 379.59610747 -112.8281922 58.750000000 83.670000000 7.0345018345 58.677097730
 617.74666667 505614.41709 6344083.4978 286.47532065 310.92467935 382.23708543 -111.1922185 57.842979301 83.771794243 8.7055099194 57.770077031
 620.87333333 505617.03235 6344085.1757 286.13890883 311.26109117 384.85235134 -109.5143239 56.936312917 83.875136401 8.7055099194 56.863410648
 624.00000000 505619.62125 6344086.8951 285.80814566 311.59185434 387.44124942 -107.7949291 56.030000000 83.980000000 8.7055099194 55.957097730
 628.63000000 505623.41512 6344089.5033 285.33599495 312.06400505 391.23511941 -105.1866641 55.099458642 84.314255930 6.3770318967 55.026556372
 633.26000000 505627.16834 6344092.1744 284.89078253 312.50921747 394.98833985 -102.5156111 54.170000000 84.650000000 6.3770318967 54.097097730
 637.93500000 505630.93187 6344094.9169 284.50081005 312.89918995 398.75187485 -99.77312480 53.814483319 85.779919290 7.5988637203 53.741581050
 642.61000000 505634.68380 6344097.6867 284.20278628 313.19721372 402.50380344 -97.00334712 53.460000000 86.910000000 7.5988637203 53.387097730
 645.69666667 505637.15199 6344099.5323 284.05657567 313.34342433 404.97199444 -95.15770219 53.109665512 87.659922053 8.0431495122 53.036763242
 648.78333333 505639.61018 6344101.3940 283.95073345 313.44926655 407.43017531 -93.29601324 52.759705626 88.409931403 8.0431495122 52.686803356
 651.87000000 505642.05783 6344103.2713 283.88528169 313.51471831 409.87783323 -91.41866864 52.410000000 89.160000000 8.0431495122 52.337097730
 656.55000000 505645.74734 6344106.1469 283.82912575 313.57087425 413.56733546 -88.54306308 51.869973157 89.464976239 3.9753763213 51.797070887
 661.23000000 505649.40975 6344109.0573 283.79788168 313.60211832 417.22975454 -85.63266858 51.330000000 89.770000000 3.9753763213 51.257097730
 666.04500000 505653.15635 6344112.0786 283.77498132 313.62501868 420.97635330 -82.61139025 51.050002284 89.684996239 1.8231361392 50.977100014
 670.86000000 505656.88811 6344115.1181 283.74493785 313.65506215 424.70811221 -79.57186353 50.770000000 89.600000000 1.8231361392 50.697097730
 675.54000000 505660.51127 6344118.0774 283.72043353 313.67956647 428.33126519 -76.61263552 50.895001523 89.799999524 1.5118525009 50.822099253
 680.22000000 505664.14091 6344121.0287 283.71226537 313.68773463 431.96090977 -73.66128305 51.020000000 90.000000000 1.5118525009 50.947097730
 684.86000000 505667.74324 6344123.9503 283.71570716 313.68429284 435.56323813 -70.73970624 51.039999956 90.085000005 0.5645769780 50.967097686
 689.50000000 505671.34658 6344126.8706 283.72603252 313.67396748 439.16657816 -67.81939347 51.060000000 90.170000000 0.5645769780 50.987097730
 693.75000000 505674.65067 6344129.5410 283.73178119 313.66821881 442.47066961 -65.14900215 51.194999886 89.984999958 1.6166082975 51.122097616
 698.00000000 505677.96104 6344132.2036 283.72380722 313.67619278 445.78104102 -62.48640554 51.330000000 89.800000000 1.6166082975 51.257097730
 706.50000000 505684.58988 6344137.5186 283.69228228 313.70771772 452.40987888 -57.17135332 51.369999931 89.774999945 0.1664810931 51.297097662
 715.00000000 505691.22241 6344142.8291 283.65704854 313.74295146 459.04241438 -51.86093929 51.410000000 89.750000000 0.1664810931 51.337097730
 722.60500000 505697.16713 6344147.5671 283.62220627 313.77779373 464.98712644 -47.12290931 51.624999550 89.724998064 0.8538309332 51.552097280
 730.21000000 505703.12956 6344152.2828 283.58404572 313.81595428 470.94956338 -42.40722978 51.840000000 89.700000000 0.8538309332 51.767097730
 737.21000000 505708.62318 6344156.6164 283.55350255 313.84649745 476.44317807 -38.07362922 51.769999574 89.799999851 0.5231369624 51.697097304
 744.21000000 505714.11153 6344160.9567 283.53517660 313.86482340 481.93152762 -33.73329373 51.700000000 89.900000000 0.5231369624 51.627097730
 751.25500000 505719.64050 6344165.3182 283.54255420 313.85744580 487.46049860 -29.37180223 51.909995496 90.220001478 1.6298867387 51.837093227
 758.30000000 505725.18530 6344169.6593 283.58927815 313.81072185 493.00529909 -25.03069766 52.120000000 90.540000000 1.6298867387 52.047097730
 762.96666667 505728.87488 6344172.5135 283.61982157 313.78017843 496.69488308 -22.17653596 52.576675848 90.210006353 3.6219687751 52.503773579
 767.63333333 505732.58718 6344175.3382 283.62348701 313.77651299 500.40717644 -19.35181194 53.033332415 89.879999365 3.6219687751 52.960430146
 772.30000000 505736.32182 6344178.1332 283.60027411 313.79972589 504.14182018 -16.55679871 53.490000000 89.550000000 3.6219687751 53.417097730
 779.06000000 505741.75335 6344182.1527 283.54747655 313.85252345 509.57335010 -12.53725224 53.650000108 89.554998265 0.7103843891 53.577097839
 785.82000000 505747.19609 6344186.1571 283.49526890 313.90473110 515.01608720 -8.532886395 53.810000000 89.560000000 0.7103843891 53.737097730
 792.82000000 505752.83970 6344190.2934 283.45067604 313.94932396 520.65970090 -4.396649707 53.860000663 89.709999890 0.6776299818 53.787098393
 799.82000000 505758.48700 6344194.4247 283.42440890 313.97559110 526.30699682 -0.265284816 53.910000000 89.860000000 0.6776299818 53.837097730
 806.87500000 505764.18359 6344198.5818 283.40624679 313.99375321 532.00358826 3.8918490484 53.994999940 89.844999829 0.3670293774 53.922097670
 813.93000000 505769.88634 6344202.7305 283.38623770 314.01376230 537.70633662 8.0405243468 54.080000000 89.830000000 0.3670293774 54.007097730
 820.93000000 505775.54192 6344206.8505 283.36088677 314.03911323 543.36191565 12.160547740 53.920000896 89.754999045 0.7573054483 53.847098626
 827.93000000 505781.18594 6344210.9863 283.32637295 314.07362705 549.00593578 16.296325251 53.760000000 89.680000000 0.7573054483 53.687097730
 835.03000000 505786.88854 6344215.2111 283.29322435 314.10677565 554.70853654 20.521098183 53.319996974 89.784993660 1.9113451957 53.247094704
 842.13000000 505792.55856 6344219.4796 283.27308715 314.12691285 560.37856456 24.789568263 52.880000000 89.890000000 1.9113451957 52.807097730
 849.13000000 505798.13201 6344223.7101 283.27003283 314.12996717 565.95201369 29.020108112 52.865000047 90.060000002 0.7314020529 52.792097777
 856.13000000 505803.70434 6344227.9421 283.28774789 314.11225211 571.52433777 33.252093794 52.850000000 90.230000000 0.7314020529 52.777097730
 863.20000000 505809.33535 6344232.2125 283.31458622 314.08541378 577.15534661 37.522453135 52.945000148 90.205000282 0.4168337591 52.872097879
 870.27000000 505814.97344 6344236.4735 283.33833969 314.06166031 582.79343703 41.783476704 53.040000000 90.180000000 0.4168337591 52.967097730
 877.27000000 505820.55311 6344240.6957 283.36582864 314.03417136 588.37311329 46.005710977 52.875001221 90.270001120 0.8054905430 52.802098952
 884.27000000 505826.12057 6344244.9340 283.40431305 313.99568695 593.94056608 50.243964658 52.710000000 90.360000000 0.8054905430 52.637097730
 891.19500000 505831.62047 6344249.1371 283.44691737 313.95308263 599.44047239 54.447120808 52.659999921 90.345000131 0.2261400598 52.587097651
 898.12000000 505837.11672 6344253.3451 283.48770876 313.91229124 604.93671733 58.655081572 52.610000000 90.330000000 0.2261400598 52.537097730
 905.12000000 505842.67065 6344257.6011 283.52374964 313.87625036 610.49065450 62.911056982 52.610000000 90.260000000 0.3000000000 52.537097730
 912.12000000 505848.22462 6344261.8571 283.55123851 313.84876149 616.04462246 67.167055996 52.610000000 90.190000000 0.3000000000 52.537097730
 919.30500000 505853.92330 6344266.2283 283.57130279 313.82869721 621.74329807 71.538287228 52.554999869 90.130000060 0.3398496890 52.482097600
 926.49000000 505859.61779 6344270.6050 283.58384298 313.81615702 627.43778852 75.914997187 52.500000000 90.070000000 0.3398496890 52.427097730
 933.49000000 505865.16287 6344274.8726 283.59147879 313.80852121 632.98287032 80.182649678 52.479999995 90.055000003 0.1071428248 52.407097725
 940.49000000 505870.70646 6344279.1422 283.59728201 313.80271799 638.52646349 84.452238590 52.460000000 90.040000000 0.1071428248 52.387097730
 947.54500000 505876.28195 6344283.4605 283.59882117 313.80117883 644.10194760 88.770469845 52.170000073 89.984999808 1.2551497775 52.097097803
 954.60000000 505881.83550 6344287.8069 283.59358799 313.80641201 649.65550247 93.116864638 51.880000000 89.930000000 1.2551497775 51.807097730
 961.60000000 505887.33634 6344292.1314 283.57923267 313.82076733 655.15633616 97.441382989 51.919999809 89.834999960 0.4417610107 51.847097539
 968.60000000 505892.84016 6344296.4520 283.55327095 313.84672905 660.66016131 101.76203936 51.960000000 89.740000000 0.4417610107 51.887097730
 975.37500000 505898.15970 6344300.6431 283.51158921 313.88841079 665.97970186 105.95305313 51.720006019 89.554996096 1.3417874751 51.647103749
 982.15000000 505903.46151 6344304.8562 283.44803259 313.95196741 671.28150760 110.16620679 51.480000000 89.370000000 1.3417874751 51.407097730
 989.15000000 505908.93683 6344309.2123 283.37106488 314.02893512 676.75683181 114.52231941 51.655000000 89.369997062 0.7499546618 51.582097730
 996.15000000 505914.42544 6344313.5517 283.29409717 314.10590283 682.24543544 118.86168832 51.830000000 89.370000000 0.7499546618 51.757097730
 1003.0650000 505919.86055 6344317.8215 283.20810783 314.19189217 687.68055158 123.13147424 52.009992807 89.204996077 1.0593030499 51.937090537
 1009.9800000 505925.30884 6344322.0740 283.10220663 314.29779337 693.12883706 127.38399431 52.190000000 89.040000000 1.0593030499 52.117097730
 1016.9800000 505930.84118 6344326.3569 282.99805729 314.40194271 698.66117598 131.66687724 52.465013419 89.254991420 1.4959344472 52.392111149
 1023.9800000 505936.39428 6344330.6134 282.92017295 314.47982705 704.21427835 135.92336542 52.740000000 89.470000000 1.4959344472 52.667097730
 1031.0150000 505941.99280 6344334.8683 282.86185106 314.53814894 709.81280332 140.17833184 52.935002744 89.579997568 0.9547183978 52.862100475
 1038.0500000 505947.60586 6344339.1043 282.81703505 314.58296495 715.42585615 144.41427930 53.130000000 89.690000000 0.9547183978 53.057097730
 1045.0500000 505953.19401 6344343.3153 282.79779284 314.60220716 721.01401263 148.62531901 53.014999947 89.994999990 1.3969711221 52.942097677
 1052.0500000 505958.77371 6344347.5376 282.81581332 314.58418668 726.59370843 152.84756826 52.900000000 90.300000000 1.3969711221 52.827097730
 1059.1350000 505964.41534 6344351.8187 282.84641823 314.55358177 732.23534473 157.12870207 52.859999751 90.195000048 0.4757696605 52.787097481
 1066.2200000 505970.05403 6344356.1038 282.86403928 314.53596072 737.87402605 161.41380018 52.820000000 90.090000000 0.4757696605 52.747097730
 1073.2200000 505975.61150 6344360.3552 282.89488832 314.50511168 743.43149547 165.66517299 52.495013353 90.415006676 1.9697663444 52.422111083
 1080.2200000 505981.14453 6344364.6378 282.96544256 314.43455744 748.96453334 169.94782476 52.170000000 90.740000000 1.9697663444 52.097097730
 1087.2800000 505986.71227 6344368.9730 283.06555563 314.33444437 754.53227083 174.28303350 52.165000195 90.885000003 0.6165134301 52.092097926
 1094.3400000 505992.27941 6344373.3086 283.18353349 314.21646651 760.09941234 178.61855861 52.160000000 91.030000000 0.6165134301 52.087097730
 1101.3400000 505997.79541 6344377.6120 283.30600583 314.09399417 765.61541406 182.92199603 52.064998448 90.975001340 0.4704024686 51.992096178
 1108.3400000 506003.30436 6344381.9246 283.42175962 313.97824038 771.12436282 187.23464386 51.970000000 90.920000000 0.4704024686 51.897097730
 1115.3400000 506008.81272 6344386.2384 283.52468673 313.87531327 776.63271552 191.54837535 52.045002709 90.765000655 0.7379520090 51.972100439
 1122.3400000 506014.32691 6344390.5450 283.60867871 313.79132129 782.14690932 195.85504831 52.120000000 90.610000000 0.7379520090 52.047097730
 1129.3400000 506019.83956 6344394.8540 283.67495667 313.72504333 787.65956074 200.16400362 51.999997656 90.475001042 0.7740904511 51.927095386
 1136.3400000 506025.34328 6344399.1746 283.72474184 313.67525816 793.16328294 204.48457953 51.880000000 90.340000000 0.7740904511 51.807097730
 1143.4200000 506030.90670 6344403.5487 283.76891758 313.63108242 798.72669648 208.85868838 51.914999860 90.375000070 0.2097328096 51.842097590
 1150.5000000 506036.47276 6344407.9194 283.81741816 313.58258184 804.29275871 213.22938046 51.950000000 90.410000000 0.2097328096 51.877097730
 1157.5000000 506041.97994 6344412.2357 283.85406990 313.54593010 809.79993513 217.54568107 52.020000891 90.190000142 0.9894332518 51.947098622
 1164.5000000 506047.49245 6344416.5453 283.86384375 313.53615625 815.31245097 221.85530509 52.090000000 89.970000000 0.9894332518 52.017097730
 1171.5400000 506053.03796 6344420.8776 283.84357005 313.55642995 820.85796046 226.18760518 52.060000740 89.699999959 1.1576484225 51.987098470
 1178.5800000 506058.58106 6344425.2127 283.79012164 313.60987836 826.40106404 230.52270133 52.030000000 89.430000000 1.1576484225 51.957097730
 1185.5050000 506064.02963 6344429.4819 283.72455384 313.67544616 831.84962734 234.79191238 51.954999353 89.484999559 0.4029007528 51.882097083
 1192.4300000 506069.47264 6344433.7583 283.66563329 313.73436671 837.29264457 239.06828883 51.880000000 89.540000000 0.4029007528 51.807097730
 1199.4300000 506074.97825 6344438.0765 283.61615350 313.78384650 842.79825283 243.38646350 52.050001994 89.649998459 0.8677792143 51.977099724
 1206.4300000 506080.49671 6344442.3783 283.58011249 313.81988751 848.31671383 247.68833420 52.220000000 89.760000000 0.8677792143 52.147097730
 1213.5400000 506086.11849 6344446.7265 283.56180875 313.83819125 853.93849132 252.03653629 52.485000821 89.944999412 1.3636572766 52.412098552
 1220.6500000 506091.76034 6344451.0487 283.56646220 313.83353780 859.58033701 256.35870403 52.750000000 90.130000000 1.3636572766 52.677097730
 1227.6500000 506097.32268 6344455.2938 283.58142839 313.81857161 865.14268127 260.60381308 52.694999971 90.115000053 0.2443228447 52.622097701
 1234.6500000 506102.88095 6344459.5443 283.59456199 313.80543801 870.70095089 264.85426188 52.640000000 90.100000000 0.2443228447 52.567097730
 1241.6900000 506108.47173 6344463.8180 283.60408451 313.79591549 876.29173246 269.12802662 52.715000057 90.055000047 0.3727169411 52.642097787
 1248.7300000 506114.06811 6344468.0845 283.60807783 313.79192217 881.88810780 273.39447261 52.790000000 90.010000000 0.3727169411 52.717097730
 1255.7300000 506119.63768 6344472.3201 283.61204845 313.78795155 887.45767957 277.63011900 52.849999955 90.055000030 0.3214284555 52.777097685
 1262.7300000 506125.21168 6344476.5499 283.62151686 313.77848314 893.03167964 281.85992745 52.910000000 90.100000000 0.3214284555 52.837097730
 1269.8650000 506130.89243 6344480.8623 283.63085656 313.76914344 898.71242581 286.17230239 52.829999939 90.050000049 0.3966633926 52.757097669
 1277.0000000 506136.56715 6344485.1826 283.63396979 313.76603021 904.38714956 290.49260825 52.750000000 90.000000000 0.3966633926 52.677097730
 1284.0000000 506142.13505 6344489.4204 283.62602853 313.77397147 909.95505343 294.73043839 52.844999511 89.869999821 0.6900524122 52.772097241
 1291.0000000 506147.70995 6344493.6490 283.60220483 313.79779517 915.52994753 298.95900903 52.940000000 89.740000000 0.6900524122 52.867097730
 1298.1100000 506153.36848 6344497.9492 283.56994065 313.83005935 921.18848274 303.25919520 52.740000000 89.739998416 0.8438731679 52.667097730
 1305.2200000 506159.01197 6344502.2691 283.53767647 313.86232353 926.83197303 307.57910715 52.540000000 89.740000000 0.8438731679 52.467097730
 1312.2200000 506164.55554 6344506.5387 283.51660163 313.88339837 932.37553955 311.84867591 52.399999366 89.914999746 0.9604676404 52.327097096
 1319.2200000 506170.08868 6344510.8218 283.51690705 313.88309295 937.90868211 316.13179678 52.260000000 90.090000000 0.9604676404 52.187097730
 1326.3050000 506175.68996 6344515.1557 283.52432646 313.87567354 943.50995681 320.46570374 52.425000090 90.030000124 0.7434175684 52.352097821
 1333.3900000 506181.30369 6344519.4735 283.52432647 313.87567353 949.12369211 324.78346461 52.590000000 89.970000000 0.7434175684 52.517097730
 1340.3900000 506186.85622 6344523.7314 283.52127214 313.87872786 954.67621685 329.04143517 52.590000000 89.980000000 0.0428571428 52.517097730
 1347.3900000 506192.40874 6344527.9894 283.51943954 313.88056046 960.22874194 333.29940599 52.590000000 89.990000000 0.0428571428 52.517097730
 1354.4000000 506197.97069 6344532.2515 283.51546325 313.88453675 965.79068635 337.56151768 52.629999970 89.944999987 0.2576660111 52.557097700
 1361.4100000 506203.53560 6344536.5097 283.50598131 313.89401869 971.35560072 341.81974216 52.670000000 89.900000000 0.2576660111 52.597097730
 1368.4100000 506209.09570 6344540.7577 283.48124133 313.91875867 976.91569659 346.06774423 52.714999143 89.694999906 0.8994889771 52.642096873
 1375.4100000 506214.65902 6344545.0013 283.43145625 313.96854375 982.47902115 350.31129730 52.760000000 89.490000000 0.8994889771 52.687097730
 1382.5500000 506220.32404 6344549.3424 283.40154844 313.99845156 988.14403534 354.65239162 52.460001480 90.030000411 2.5955278637 52.387099211
 1389.6900000 506225.96621 6344553.7131 283.43893320 313.96106680 993.78621472 359.02306601 52.160000000 90.570000000 2.5955278637 52.087097730
 1396.6900000 506231.49192 6344558.0051 283.51559542 313.88440458 999.31191746 363.31509897 52.309996400 90.685002347 0.8100085476 52.237094131
 1403.6900000 506237.02870 6344562.2825 283.60630655 313.79369345 1004.8487049 367.59254835 52.460000000 90.800000000 0.8100085476 52.387097730
 1410.5050000 506242.42127 6344566.4444 283.68302390 313.71697610 1010.2412674 371.75444532 52.364995604 90.490000674 1.4272723537 52.292093334
 1417.3200000 506247.80717 6344570.6155 283.72286998 313.67713002 1015.6271710 375.92547072 52.270000000 90.180000000 1.4272723537 52.197097730
 1424.3200000 506253.33824 6344574.9012 283.74119592 313.65880408 1021.1582413 380.21123450 52.335000143 90.120000077 0.3791096425 52.262097873
 1431.3200000 506258.87418 6344579.1807 283.75219149 313.64780851 1026.6941822 384.49073013 52.400000000 90.060000000 0.3791096425 52.327097730
 1438.2350000 506264.34604 6344583.4042 283.74887253 313.65112747 1032.1660398 388.71420628 52.419999877 89.884999993 0.7641611342 52.347097608
 1445.1500000 506269.81934 6344587.6257 283.72443296 313.67556704 1037.6393377 392.93574628 52.440000000 89.710000000 0.7641611342 52.367097730
 1452.1500000 506275.36195 6344591.8965 283.69388980 313.70611020 1043.1819481 397.20650543 52.475000179 89.789999961 0.3742334880 52.402097909
 1459.1500000 506280.90719 6344596.1639 283.67312041 313.72687959 1048.7271947 401.47389985 52.510000000 89.870000000 0.3742334880 52.437097730
 1465.9800000 506286.31869 6344600.3265 283.65583556 313.74416444 1054.1386861 405.63648240 52.500000015 89.839999998 0.1388994032 52.427097745
 1472.8100000 506291.72944 6344604.4900 283.63497454 313.76502546 1059.5494431 409.80000329 52.490000000 89.810000000 0.1388994032 52.417097730
 1479.8100000 506297.27544 6344608.7564 283.61695404 313.78304596 1065.0954405 414.06643447 52.515000068 89.894999990 0.3797151913 52.442097798
 1486.8100000 506302.82331 6344613.0205 283.60931823 313.79068177 1070.6433139 418.33045695 52.540000000 89.980000000 0.3797151913 52.467097730
 1493.8300000 506308.39133 6344617.2911 283.60931823 313.79068177 1076.2113302 422.60107909 52.629999978 90.020000025 0.4208913091 52.557097708
 1500.8500000 506313.96605 6344621.5529 283.61421911 313.78578089 1081.7860466 426.86294872 52.720000000 90.060000000 0.4208913091 52.647097730
 1507.8500000 506319.52525 6344625.8022 283.62582556 313.77417444 1087.3452451 431.11218625 52.640000222 90.130000127 0.4555769493 52.567097952
 1514.8500000 506325.07849 6344630.0592 283.64598409 313.75401591 1092.8984897 435.36916995 52.560000000 90.200000000 0.4555769493 52.487097730
 1521.8150000 506330.60950 6344634.2876 283.66634582 313.73365418 1098.4295039 439.59762925 52.790000615 90.135001088 1.0294660712 52.717098345
 1528.7800000 506336.15746 6344638.4939 283.67880602 313.72119398 1103.9774625 443.80386289 53.020000000 90.070000000 1.0294660712 52.947097730
 1535.7800000 506341.74471 6344642.7061 283.69774283 313.70225717 1109.5647060 448.01612644 53.099999006 90.240000234 0.8052111148 53.027096736
 1542.7800000 506347.33776 6344646.9105 283.73744886 313.66255114 1115.1577559 452.22053239 53.180000000 90.410000000 0.8052111148 53.107097730
 1549.8800000 506353.01235 6344651.1727 283.78484729 313.61515271 1120.8323479 456.48274840 53.144999792 90.355000066 0.2754577204 53.072097522
 1556.9800000 506358.68437 6344655.4385 283.82543035 313.57456965 1126.5043690 460.74845541 53.110000000 90.300000000 0.2754577204 53.037097730
 1563.9800000 506364.27905 6344659.6406 283.87002325 313.52997675 1132.0990465 464.95064745 53.214998212 90.430000722 0.7161678647 53.142095942
 1570.9800000 506369.88132 6344663.8325 283.93049821 313.46950179 1137.7013202 469.14250829 53.320000000 90.560000000 0.7161678647 53.247097730
 1577.9750000 506375.48247 6344668.0174 283.99733916 313.40266084 1143.3024705 473.32743200 53.294999898 90.535000051 0.1516278822 53.222097628
 1584.9700000 506381.08182 6344672.2048 284.06112810 313.33887190 1148.9018172 477.51481634 53.270000000 90.510000000 0.1516278822 53.197097730
 1591.9700000 506386.68312 6344676.3982 284.09472547 313.30527453 1154.5031240 481.70824150 53.234999800 90.040000007 2.0198629714 53.162097530
 1598.9700000 506392.28190 6344680.5951 284.07090183 313.32909817 1160.1019003 485.90511150 53.200000000 89.570000000 2.0198629714 53.127097730
 1606.0400000 506397.93513 6344684.8355 284.00025957 313.39974043 1165.7551300 490.14549763 53.200000000 89.285000000 1.2093352192 53.127097730
 1613.1100000 506403.58801 6344689.0756 283.89445261 313.50554739 1171.4080088 494.38562054 53.200000000 89.000000000 1.2093352192 53.127097730
 1620.1100000 506409.18648 6344693.2715 283.78205825 313.61794175 1177.0064759 498.58149554 53.245001842 89.159999741 0.7123130412 53.172099573
 1627.1100000 506414.78847 6344697.4631 283.68920947 313.71079053 1182.6084660 502.77314385 53.290000000 89.320000000 0.7123130412 53.217097730
 1634.0600000 506420.33246 6344701.6493 283.62552624 313.77447376 1188.1524581 506.95925564 52.744980957 89.629983261 2.7064084348 52.672078687
 1641.0100000 506425.83657 6344705.8881 283.59944554 313.80055446 1193.6565741 511.19805969 52.200000000 89.940000000 2.7064084348 52.127097730
 1648.0100000 506431.36224 6344710.1808 283.59639121 313.80360879 1199.1822353 515.49083336 52.259999987 90.010000005 0.3951232897 52.187097717
 1655.0100000 506436.89239 6344714.4678 283.60188900 313.79811100 1204.7123877 519.77781732 52.320000000 90.080000000 0.3951232897 52.247097730
 1662.0250000 506442.42493 6344718.7760 283.63494672 313.76505328 1210.2449292 524.08600799 52.010016507 90.460006733 2.0972212736 51.937114238
 1669.0400000 506447.93379 6344723.1138 283.71452812 313.68547188 1215.7537873 528.42383807 51.700000000 90.840000000 2.0972212736 51.627097730
 1676.0400000 506453.42378 6344727.4508 283.82234175 313.57765825 1221.2437756 532.76080024 51.829996886 90.925002381 0.6656058291 51.757094616
 1683.0400000 506458.92346 6344731.7752 283.94053875 313.45946125 1226.7434584 537.08519130 51.960000000 91.010000000 0.6656058291 51.887097730
 1690.2150000 506464.55976 6344736.2090 284.05386500 313.34613500 1232.3797631 541.51899882 51.804992067 90.800002927 1.0912828617 51.732089797
 1697.3900000 506470.18434 6344740.6583 284.14089607 313.25910393 1238.0043405 545.96826543 51.650000000 90.590000000 1.0912828617 51.577097730
 1704.3900000 506475.66318 6344745.0101 284.20656315 313.19343685 1243.4831755 550.32014955 51.574998837 90.485000415 0.5529998264 51.502096567
 1711.3900000 506481.13639 6344749.3693 284.25940252 313.14059748 1248.9563942 554.67926935 51.500000000 90.380000000 0.5529998264 51.427097730
 1718.5800000 506486.75568 6344753.8499 284.30583319 313.09416681 1254.5756751 559.15993132 51.510000022 90.360000005 0.0932987124 51.437097752
 1725.7700000 506492.37575 6344758.3296 284.34975413 313.05024587 1260.1957503 563.63962230 51.520000000 90.340000000 0.0932987124 51.447097730
 1732.7700000 506497.86937 6344762.6632 284.36197107 313.03802893 1265.6893713 567.97322910 52.089988331 89.859993072 3.1936205963 52.017086061
 1739.7700000 506503.40572 6344766.9419 284.31554498 313.08445502 1271.2257179 572.25188314 52.660000000 89.380000000 3.1936205963 52.587097730
 1746.8150000 506509.00397 6344771.2132 284.22947605 313.17052395 1276.8239712 576.52323894 52.799994677 89.219997672 0.9052984553 52.727092408
 1753.8600000 506514.61243 6344775.4707 284.12373559 313.27626441 1282.4324314 580.78074106 52.940000000 89.060000000 0.9052984553 52.867097730
 1760.8600000 506520.18756 6344779.6972 283.99790413 313.40209587 1288.0075633 585.00719309 52.875003992 88.879999279 0.8201671642 52.802101722
 1767.8600000 506525.75755 6344783.9297 283.85008573 313.54991427 1293.5775547 589.23970722 52.810000000 88.700000000 0.8201671642 52.737097730
 1774.7950000 506531.27507 6344788.1242 283.71392626 313.68607374 1299.0950706 593.43424538 52.850004052 89.049999769 1.5239119534 52.777101782
 1781.7300000 506536.79607 6344792.3154 283.62012435 313.77987565 1304.6160726 597.62535512 52.890000000 89.400000000 1.5239119534 52.817097730
 1788.7300000 506542.36091 6344796.5570 283.58133467 313.81866533 1310.1809089 601.86699031 52.624998404 89.964999626 2.6745319169 52.552096134
 1795.7300000 506547.90610 6344800.8243 283.61157231 313.78842769 1315.7261015 606.13434318 52.360000000 90.530000000 2.6745319169 52.287097730
 1802.9050000 506553.57870 6344805.2123 283.69672484 313.70327516 1321.3987026 610.52225118 52.340001517 90.830000051 1.2571391578 52.267099247
 1810.0800000 506559.24934 6344809.6018 283.81944154 313.58055846 1327.0693415 614.91180604 52.320000000 91.130000000 1.2571391578 52.247097730
 1817.0800000 506564.77958 6344813.8861 283.96695454 313.43304546 1332.5995753 619.19614959 52.295001517 91.285000122 0.6728664807 52.222099247
 1824.0800000 506570.30760 6344818.1726 284.13339959 313.26660041 1338.1276038 623.48264564 52.270000000 91.440000000 0.6728664807 52.197097730
 1831.0800000 506575.83674 6344822.4577 284.30076073 313.09923927 1343.6567373 627.76768093 52.325003050 91.300000599 0.6446181161 52.252100780
 1838.0800000 506581.37029 6344826.7376 284.45102204 312.94897796 1349.1902883 632.04764399 52.380000000 91.160000000 0.6446181161 52.307097730
 1845.0200000 506586.86001 6344830.9768 284.58334400 312.81665600 1354.6800071 636.28681805 52.415001475 91.025000191 0.6028609939 52.342099206
 1851.9600000 506592.35255 6344835.2128 284.69931659 312.70068341 1360.1725460 640.52281643 52.450000000 90.890000000 0.6028609939 52.377097730
 1858.9600000 506597.89372 6344839.4844 284.79857884 312.60142116 1365.7137190 644.79439539 52.439999653 90.735000011 0.6656665368 52.367097383
 1865.9600000 506603.43434 6344843.7571 284.87890583 312.52109417 1371.2543386 649.06708969 52.430000000 90.580000000 0.6656665368 52.357097730
 1873.1550000 506609.13647 6344848.1401 284.91532272 312.48467728 1376.9564730 653.45007082 52.620000000 90.000000000 2.5447954298 52.547097730
 1880.3500000 506614.85311 6344852.5041 284.87890583 312.52109417 1382.6731101 657.81411938 52.810000000 89.420000000 2.5447954298 52.737097730
 1889.1750000 506621.87477 6344857.8431 284.77994665 312.62005335 1389.6947737 663.15311183 52.839999195 89.294999903 0.4369939914 52.767096925
 1898.0000000 506628.89904 6344863.1783 284.66173578 312.73826422 1396.7190431 668.48828379 52.870000000 89.170000000 0.4369939914 52.797097730
 1909.0000000 506637.65602 6344869.8259 284.49423429 312.90576571 1405.4760186 675.13589043 52.870000000 89.085000000 0.2318181818 52.797097730
 1920.0000000 506646.41279 6344876.4733 284.31041606 313.08958394 1414.2327866 681.78333959 52.870000000 89.000000000 0.2318181818 52.797097730
