# WELL TRACE FROM PETREL 
# WELL NAME:              112140909506W400
# DEFINITIVE SURVEY:      P121P12_Definitive_Survey
# WELL HEAD X-COORDINATE: 505705.40000000 (m)
# WELL HEAD Y-COORDINATE: 6344844.00000000 (m)
# WELL DATUM (KB, KB, from MSL): 595.60000000 (m)
# WELL TYPE:              OIL
# MD AND TVD ARE REFERENCED (=0) AT WELL DATUM AND INCREASE DOWNWARDS
# ANGLES ARE GIVEN IN DEGREES
# XYZ TRACE IS GIVEN IN COORDINATE SYSTEM UTM83-12 ("MENTOR:UTM83-12:NAD83 UTM, Zone 12 North, Meter") [SIS,502388]
# AZIM_TN: azimuth in True North 
# AZIM_GN: azimuth in Grid North 
# DX DY ARE GIVEN IN GRID NORTH IN m-UNITS
# DEPTH (Z, tvd_z) GIVEN IN m-UNITS
#===============================================================================================================================================
      MD            X            Y            Z           TVD           DX          DY        AZIM_TN        INCL         DLS        AZIM_GN
#===============================================================================================================================================
 0.0000000000 505705.40000 6344844.0000 595.60000000 0.0000000000 0.0000000030 -0.000000002 0.0000000000 0.0000000000 0.0000000000 359.92048640
 9.2000000000 505705.40000 6344844.0000 586.40000000 9.2000000000 0.0000000030 -0.000000002 0.0000000000 0.0000000000 0.0000000000 359.92048640
 17.770000000 505705.39675 6344844.0071 577.83000480 17.769995203 -0.003253838 0.0071433634 335.59000000 0.1050000000 0.3675612602 335.51048640
 26.340000000 505705.38698 6344844.0286 569.26003838 26.339961625 -0.013015350 0.0285734395 335.59000000 0.2100000000 0.3675612602 335.51048640
 31.150000000 505705.38234 6344844.0385 564.45005233 31.149947672 -0.017658467 0.0384501880 332.01692999 0.0501865595 0.9975566374 331.93741639
 35.960000000 505705.38302 6344844.0360 559.64005456 35.959945440 -0.016977819 0.0360061629 158.85000000 0.1100000000 0.9975566374 158.77048640
 40.575000000 505705.38629 6344844.0141 555.02511427 40.574885731 -0.013709934 0.0141379228 174.71983804 0.4426136134 2.1981368869 174.64032444
 45.190000000 505705.38968 6344843.9650 550.41038355 45.189616454 -0.010320402 -0.034954962 176.93000000 0.7800000000 2.1981368869 176.85048640
 49.793333333 505705.38919 6344843.8755 545.80794967 49.792050330 -0.010808488 -0.124534642 182.24909988 1.4531870088 4.4341656164 182.16958628
 54.396666667 505705.38084 6344843.7318 541.20689425 54.393105747 -0.019155705 -0.268171590 184.19402906 2.1309588959 4.4341656164 184.11451546
 59.000000000 505705.36464 6344843.5342 536.60786613 58.992133872 -0.035360874 -0.465845549 185.20000000 2.8100000000 4.4341656164 185.12048640
 67.000000000 505705.34141 6344843.1053 528.61944354 66.980556463 -0.058590791 -0.894657397 181.48604491 3.3499340759 2.1575683532 181.40653130
 75.000000000 505705.34170 6344842.5999 520.63547425 74.964525747 -0.058300610 -1.400119836 178.81000000 3.9000000000 2.1575683532 178.73048640
 78.880000000 505705.35031 6344842.3271 516.76509339 78.834906612 -0.049688472 -1.672862304 177.76665222 4.1693947292 2.1588161059 177.68713861
 82.760000000 505705.36446 6344842.0364 512.89604207 82.703957934 -0.035541122 -1.963627079 176.85000000 4.4400000000 2.1588161059 176.77048640
 87.445000000 505705.37839 6344841.6643 508.22587892 87.374121077 -0.021610962 -2.335712940 178.96492126 4.6821380519 1.8875735799 178.88540765
 92.130000000 505705.37933 6344841.2720 503.55735205 92.042647947 -0.020669163 -2.728025928 180.87000000 4.9300000000 1.8875735799 180.79048640
 92.360000000 505705.37903 6344841.2521 503.32820891 92.271791086 -0.020966472 -2.747850596 181.00694275 4.9644860851 4.7546259702 180.92742914
 92.590000000 505705.37869 6344841.2322 503.09907776 92.500922240 -0.021313230 -2.767812399 181.14200000 4.9990000000 4.7546259702 181.06248640
 96.985000000 505705.36255 6344840.8245 498.72310038 96.876899615 -0.037445966 -3.175509670 183.40871083 5.6610200349 4.7411027333 183.32919723
 101.38000000 505705.32835 6344840.3669 494.35216162 101.24783838 -0.071645020 -3.633051881 185.20000000 6.3300000000 4.7411027333 185.12048640
 106.09000000 505705.26275 6344839.8141 489.67526585 105.92473415 -0.137254059 -4.185894574 188.28539688 7.2569470581 6.3432210808 188.20588328
 110.80000000 505705.15859 6344839.1897 485.00808972 110.59191028 -0.241407604 -4.810266313 190.67000000 8.2000000000 6.3432210808 190.59048640
 115.56500000 505705.00797 6344838.4834 480.29825589 115.30174411 -0.392027464 -5.516564206 193.40261232 9.2467589594 7.0862365295 193.32309872
 120.33000000 505704.80587 6344837.7003 475.60253266 119.99746734 -0.594130094 -6.299705099 195.58000000 10.310000000 7.0862365295 195.50048640
 124.85500000 505704.57042 6344836.8779 471.15927412 124.44072588 -0.829578441 -7.122088101 196.48341272 11.493865977 7.9299208005 196.40389911
 129.38000000 505704.29684 6344835.9712 466.73466511 128.86533489 -1.103162264 -8.028813588 197.22000000 12.680000000 7.9299208005 197.14048640
 132.46000000 505704.08720 6344835.3059 463.73477321 131.86522679 -1.312795275 -8.694052306 197.89973094 13.508465389 8.2075537632 197.82021734
 135.54000000 505703.85668 6344834.6019 460.74529485 134.85470515 -1.543321378 -9.398088520 198.50220797 14.338554249 8.2075537632 198.42269436
 138.62000000 505703.60531 6344833.8592 457.76687662 137.83312338 -1.794690713 -10.14076995 199.04000000 15.170000000 8.2075537632 198.96048640
 143.34000000 505703.20426 6344832.6451 453.22360186 142.37639814 -2.195739144 -11.35491021 197.72270841 16.281433367 7.4192905313 197.64319480
 148.06000000 505702.80354 6344831.3383 448.70608341 146.89391659 -2.596455619 -12.66165766 196.57000000 17.400000000 7.4192905313 196.49048640
 151.18333333 505702.53611 6344830.4198 445.73303520 149.86696480 -2.863891113 -13.58021101 196.06683780 18.288854734 8.6649790315 195.98732420
 154.30666667 505702.26388 6344829.4547 442.77520256 152.82479744 -3.136119509 -14.54526195 195.60882563 19.178907936 8.6649790315 195.52931202
 157.43000000 505701.98693 6344828.4434 439.83331873 155.76668127 -3.413073322 -15.55657124 195.19000000 20.070000000 8.6649790315 195.11048640
 162.17000000 505701.55946 6344826.8280 435.39798612 160.20201388 -3.840538417 -17.17201849 194.62700039 21.234159054 7.4744245367 194.54748678
 166.91000000 505701.12491 6344825.1216 430.99756018 164.60243982 -4.275094541 -18.87839992 194.12000000 22.400000000 7.4744245367 194.04048640
 170.08333333 505700.82833 6344823.9258 428.07339017 167.52660983 -4.571668964 -20.07418028 193.90170880 23.309729449 8.6376386368 193.82219520
 173.25666667 505700.52518 6344822.6840 425.16916055 170.43083945 -4.874823512 -21.31598219 193.69893765 24.219739643 8.6376386368 193.61942405
 176.43000000 505700.21552 6344821.3965 422.28560981 173.31439019 -5.184481097 -22.60348989 193.51000000 25.130000000 8.6376386368 193.43048640
 179.51000000 505699.90697 6344820.1033 419.50760757 176.09239243 -5.493026973 -23.89666103 193.48870744 26.036663837 8.8315952387 193.40919384
 182.59000000 505699.58875 6344818.7675 416.75099861 178.84900139 -5.811251578 -25.23252559 193.46875113 26.943330600 8.8315952387 193.38923753
 185.67000000 505699.26092 6344817.3893 414.01647326 181.58352674 -6.139075222 -26.61074903 193.45000000 27.850000000 8.8315952387 193.37048640
 188.88333333 505698.90594 6344815.9008 411.19125484 184.40874516 -6.494059618 -28.09916693 193.53601133 29.049951127 11.209390108 193.45649772
 192.09666667 505698.53508 6344814.3557 408.39871356 187.20128644 -6.864919535 -29.64425279 193.61577124 30.249953080 11.209390108 193.53625764
 195.31000000 505698.14851 6344812.7547 405.64007564 189.95992436 -7.251492124 -31.24532815 193.69000000 31.450000000 11.209390108 193.61048640
 198.43333333 505697.76372 6344811.1449 402.99180170 192.60819830 -7.636275579 -32.85507473 193.36094250 32.579220286 10.974923226 193.28142890
 201.55666667 505697.37613 6344809.4825 400.37668498 195.22331502 -8.023869336 -34.51745055 193.05158458 33.709246726 10.974923226 192.97207097
 204.68000000 505696.98588 6344807.7682 397.79576546 197.80423454 -8.414119254 -36.23179451 192.76000000 34.840000000 10.974923226 192.68048640
 207.76333333 505696.59747 6344806.0274 395.28123713 200.31876287 -8.802525097 -37.97260593 192.55700455 35.879684240 10.180204420 192.47749095
 210.84666667 505696.20537 6344804.2410 392.79950455 202.80049545 -9.194631789 -39.75901604 192.36394723 36.919693290 10.180204420 192.28443363
 213.93000000 505695.80969 6344802.4096 390.35139533 205.24860467 -9.590308572 -41.59042914 192.18000000 37.960000000 10.180204420 192.10048640
 217.02333333 505695.41371 6344800.5286 387.92845651 207.67154349 -9.986292292 -43.47140829 191.76005979 38.915257867 9.6040413343 191.68054619
 220.11666667 505695.02325 6344798.6055 385.53793879 210.06206121 -10.37675112 -45.39452045 191.35712706 39.871959184 9.6040413343 191.27761346
 223.21000000 505694.63843 6344796.6408 383.18055623 212.41944377 -10.76156843 -47.35919114 190.97000000 40.830000000 9.6040413343 190.89048640
 226.32333333 505694.25786 6344794.6246 380.83976173 214.76023827 -11.14214227 -49.37540880 190.57069994 41.665355961 8.4397146521 190.49118633
 229.43666667 505693.88505 6344792.5724 378.52916659 217.07083341 -11.51494952 -51.42756418 190.18428404 42.502049308 8.4397146521 190.10477044
 232.55000000 505693.52010 6344790.4848 376.24931076 219.35068924 -11.87990308 -53.51517773 189.81000000 43.340000000 8.4397146521 189.73048640
 235.64333333 505693.16715 6344788.3736 374.01708590 221.58291410 -12.23285497 -55.62643387 189.33455386 44.281467394 9.6724634854 189.25504026
 238.73666667 505692.82572 6344786.2235 371.82038467 223.77961533 -12.57428176 -57.77645972 188.87488083 45.224841417 9.6724634854 188.79536723
 241.83000000 505692.49592 6344784.0354 369.65987267 225.94012733 -12.90408002 -59.96460383 188.43000000 46.170000000 9.6724634854 188.35048640
 245.04000000 505692.16005 6344781.7232 367.45978505 228.14021495 -13.23995292 -62.27678948 188.26077922 47.296432251 10.590197005 188.18126562
 248.25000000 505691.82485 6344779.3677 365.30607764 230.29392236 -13.57514740 -64.63229927 188.09759107 48.423104714 10.590197005 188.01807746
 251.46000000 505691.49047 6344776.9698 363.19959281 232.40040719 -13.90953236 -67.03021188 187.94000000 49.550000000 10.590197005 187.86048640
 256.08500000 505691.01554 6344773.4607 360.22624989 235.37375011 -14.38445532 -70.53931764 187.63617097 50.434614407 5.9332668484 187.55665737
 260.71000000 505690.55313 6344769.9040 357.30797808 238.29202192 -14.84686571 -74.09596636 187.34000000 51.320000000 5.9332668484 187.26048640
 263.79333333 505690.25073 6344767.5029 355.39876474 240.20123526 -15.14927360 -76.49712006 187.17636439 52.163115857 8.2980015720 187.09685079
 266.87666667 505689.95170 6344765.0733 353.52538830 242.07461170 -15.44829997 -78.92673336 187.01642778 53.006453000 8.2980015720 186.93691417
 269.96000000 505689.65612 6344762.6157 351.68826382 243.91173618 -15.74387856 -81.38426796 186.86000000 53.850000000 8.2980015720 186.78048640
 273.17666667 505689.35040 6344760.0198 349.81510745 245.78489255 -16.04960486 -83.98022517 186.73345955 54.919874676 10.024121265 186.65394594
 276.39333333 505689.04637 6344757.3889 347.99110620 247.60889380 -16.35363395 -86.61112193 186.61019556 55.989877391 10.024121265 186.53068195
 279.61000000 505688.74414 6344754.7240 346.21690192 249.38309808 -16.65585884 -89.27603245 186.49000000 57.060000000 10.024121265 186.41048640
 282.70666667 505688.44988 6344752.1266 344.55833319 251.04166681 -16.95012116 -91.87336532 186.59579342 58.169916402 10.787462792 186.51627982
 285.80333333 505688.14726 6344749.4984 342.95073136 252.64926864 -17.25273834 -94.50157475 186.69907233 59.279918253 10.787462792 186.61955872
 288.90000000 505687.83640 6344746.8403 341.39470358 254.20529642 -17.56359611 -97.15966808 186.80000000 60.390000000 10.787462792 186.72048640
 292.01333333 505687.50799 6344744.1400 339.88238739 255.71761261 -17.89200594 -99.85997264 187.22523080 61.485397900 11.146295955 187.14571720
 295.12666667 505687.15612 6344741.4140 338.42240246 257.17759754 -18.24387616 -102.5859780 187.64171282 62.582092395 11.146295955 187.56219922
 298.24000000 505686.78094 6344738.6634 337.01534384 258.58465616 -18.61906335 -105.3365730 188.05000000 63.680000000 11.146295955 187.97048640
 301.32666667 505686.39387 6344735.9115 335.67437733 259.92562267 -19.00612787 -108.0884832 188.12129145 64.819967242 11.097157233 188.04177785
 304.41333333 505685.99975 6344733.1342 334.38898696 261.21101304 -19.40025358 -110.8657732 188.19126135 65.959968006 11.097157233 188.11174775
 307.50000000 505685.59872 6344730.3327 333.15968316 262.44031684 -19.80128396 -113.6673402 188.26000000 67.100000000 11.097157233 188.18048640
 310.54666667 505685.19816 6344727.5445 332.00157546 263.59842454 -20.20184268 -116.4555077 188.24984672 68.216666071 10.996006582 188.17033312
 313.59333333 505684.79496 6344724.7345 330.89860407 264.70139593 -20.60503947 -119.2655479 188.23985040 69.333332752 10.996006582 188.16033680
 316.64000000 505684.38928 6344721.9036 329.85118797 265.74881203 -21.01072119 -122.0963933 188.23000000 70.450000000 10.996006582 188.15048640
 319.72666667 505683.97744 6344719.0152 328.84713221 266.75286779 -21.42256348 -124.9847580 188.15909592 71.583308046 11.034131601 188.07958232
 322.81333333 505683.56645 6344716.1073 327.90100242 267.69899758 -21.83355308 -127.8927174 188.08911986 72.716642049 11.034131601 188.00960626
 325.90000000 505683.15647 6344713.1809 327.01317006 268.58682994 -22.24352863 -130.8191299 188.02000000 73.850000000 11.034131601 187.94048640
 329.06333333 505682.73935 6344710.1644 326.16107852 269.43892148 -22.66064638 -133.8355736 187.88538135 74.896590009 10.001368021 187.80586774
 332.22666667 505682.32726 6344707.1321 325.36477442 270.23522558 -23.07273790 -136.8678973 187.75208367 75.943258804 10.001368021 187.67257007
 335.39000000 505681.92034 6344704.0849 324.62452752 270.97547248 -23.47966361 -139.9150736 187.62000000 76.990000000 10.001368021 187.54048640
 338.44000000 505681.53220 6344701.1348 323.96023505 271.63976495 -23.86780128 -142.8652105 187.52943176 77.849971499 8.5033017292 187.44991816
 341.49000000 505681.14747 6344698.1745 323.34069553 272.25930447 -24.25253173 -145.8255062 187.43944702 78.709972264 8.5033017292 187.35993341
 344.54000000 505680.76623 6344695.2047 322.76605002 272.83394998 -24.63376739 -148.7952867 187.35000000 79.570000000 8.5033017292 187.27048640
 345.33500000 505680.66719 6344694.4292 322.62359177 272.97640823 -24.73281448 -149.5708063 187.36551046 79.784499634 8.1147819564 187.28599685
 346.13000000 505680.56786 6344693.6532 322.48406260 273.11593740 -24.83213835 -150.3468226 187.38100000 79.999000000 8.1147819564 187.30148640
 349.95000000 505680.08677 6344689.9178 321.85452596 273.74547404 -25.31322661 -154.0821806 187.45571154 81.029492540 8.1135382421 187.37619794
 353.77000000 505679.59945 6344686.1725 321.29285221 274.30714779 -25.80055269 -157.8275287 187.53000000 82.060000000 8.1135382421 187.45048640
 358.40000000 505678.99690 6344681.6223 320.69974239 274.90025761 -26.40310111 -162.3777439 187.71544536 83.219964987 7.6098558387 187.63593175
 363.03000000 505678.37818 6344677.0630 320.19971208 275.40028792 -27.02182433 -166.9369513 187.90000000 84.380000000 7.6098558387 187.82048640
 367.63000000 505677.76401 6344672.5283 319.75002964 275.84997036 -27.63599076 -171.4716855 187.68499264 84.399960824 1.4015644085 187.60547904
 372.23000000 505677.16684 6344667.9912 319.30194525 276.29805475 -28.23315694 -176.0088476 187.47000000 84.420000000 1.4015644085 187.39048640
 376.96000000 505676.58385 6344663.3227 318.83214893 276.76785107 -28.81614578 -180.6772966 186.92523270 84.179738504 3.7606710983 186.84571910
 381.69000000 505676.04553 6344658.6509 318.34264164 277.25735836 -29.35447271 -185.3490844 186.38000000 83.940000000 3.7606710983 186.30048640
 386.40000000 505675.52609 6344653.9966 317.85930634 277.74069366 -29.87391463 -190.0034428 186.51508024 84.279984228 2.3284915315 186.43556664
 391.11000000 505674.99536 6344649.3407 317.40378151 278.19621849 -30.40463695 -194.6593311 186.65000000 84.620000000 2.3284915315 186.57048640
 395.73000000 505674.46522 6344644.7731 316.97482111 278.62517889 -30.93477566 -199.2268716 186.75001692 84.724992011 0.9396637014 186.67050332
 400.35000000 505673.92702 6344640.2057 316.55429145 279.04570855 -31.47297646 -203.7942526 186.85000000 84.830000000 0.9396637014 186.77048640
 404.98500000 505673.38625 6344635.6216 316.15475787 279.44524213 -32.01375177 -208.3783563 186.76494488 85.279994829 2.9637789129 186.68543127
 409.62000000 505672.85193 6344631.0338 315.79150385 279.80849615 -32.54807232 -212.9662315 186.68000000 85.730000000 2.9637789129 186.60048640
 414.25000000 505672.30778 6344626.4504 315.45079529 280.14920471 -33.09221890 -217.5496382 187.02004327 85.829926837 2.2907384757 186.94052966
 418.88000000 505671.73637 6344621.8697 315.11814622 280.48185378 -33.66362690 -222.1303182 187.36000000 85.930000000 2.2907384757 187.28048640
 423.69500000 505671.11071 6344617.1111 314.75816539 280.84183461 -34.28929290 -226.8889466 187.77974875 85.494879459 3.7617812551 187.70023515
 428.51000000 505670.45057 6344612.3600 314.36174115 281.23825885 -34.94942881 -231.6400180 188.20000000 85.060000000 3.7617812551 188.12048640
 433.09000000 505669.78772 6344607.8482 313.95658679 281.64341321 -35.61227725 -236.1517908 188.67479589 84.789821940 3.5676917433 188.59528229
 437.67000000 505669.08779 6344603.3440 313.52993877 282.07006123 -36.31220546 -240.6559776 189.15000000 84.520000000 3.5676917433 189.07048640
 442.27000000 505668.33541 6344598.8288 313.09401679 282.50598321 -37.06459268 -245.1711522 189.93010929 84.604502986 5.0946678265 189.85059568
 446.87000000 505667.52151 6344594.3237 312.66488892 282.93511108 -37.87848994 -249.6762973 190.71000000 84.690000000 5.0946678265 190.63048640
 451.59000000 505666.64721 6344589.7079 312.22869310 283.37130690 -38.75279082 -254.2921462 190.90000461 84.704971052 1.2062474333 190.82049101
 456.31000000 505665.75758 6344585.0948 311.79372770 283.80627230 -39.64241519 -258.9051824 191.09000000 84.720000000 1.2062474333 191.01048640
 460.96000000 505664.87588 6344580.5495 311.38360362 284.21639638 -40.52411519 -263.4504713 191.02495773 85.159996900 2.8692988150 190.94544413
 465.61000000 505663.99877 6344576.0003 311.00906147 284.59093853 -41.40122841 -267.9997149 190.96000000 85.600000000 2.8692988150 190.88048640
 470.30000000 505663.13039 6344571.4069 310.65536642 284.94463358 -42.26961241 -272.5931180 190.60993191 85.749920994 2.4300885517 190.53041830
 474.99000000 505662.28992 6344566.8074 310.31391603 285.28608397 -43.11008444 -277.1926348 190.26000000 85.900000000 2.4300885517 190.18048640
 479.68500000 505661.48200 6344562.1963 309.98149713 285.61850287 -43.91799609 -281.8037238 189.77495241 85.979856444 3.1333939112 189.69543880
 484.38000000 505660.71308 6344557.5781 309.65561760 285.94438240 -44.68692258 -286.4219395 189.29000000 86.060000000 3.1333939112 189.21048640
 489.01000000 505659.97496 6344553.0198 309.34373026 286.25626974 -45.42503541 -290.9802014 189.26499553 86.214999641 1.0172430195 189.18548192
 493.64000000 505659.23871 6344548.4604 309.04434095 286.55565905 -46.16129102 -295.5396007 189.24000000 86.370000000 1.0172430195 189.16048640
 498.39500000 505658.48061 6344543.7787 308.72941583 286.87058417 -46.91938642 -300.2212760 189.31496960 86.034996614 2.1656379141 189.23545600
 503.15000000 505657.71670 6344539.0999 308.38675555 287.21324445 -47.68329978 -304.9000585 189.39000000 85.700000000 2.1656379141 189.31048640
 507.72500000 505656.98593 6344534.5995 308.03158573 287.56841427 -48.41406627 -309.4004774 189.21507504 85.394978612 2.3039855673 189.13556143
 512.30000000 505656.26922 6344530.0988 307.65214068 287.94785932 -49.13077636 -313.9011771 189.04000000 85.090000000 2.3039855673 188.96048640
 516.92500000 505655.55987 6344525.5485 307.24622960 288.35377040 -49.84013197 -318.4515243 188.84007881 84.839968733 2.0734061108 188.76056520
 521.55000000 505654.86667 6344520.9975 306.82021995 288.77978005 -50.53332647 -323.0025263 188.64000000 84.590000000 2.0734061108 188.56048640
 526.23000000 505654.15981 6344516.3932 306.38914115 289.21085885 -51.24019171 -327.6068138 188.97513200 84.839912276 2.6725196927 188.89561840
 530.91000000 505653.42575 6344511.7913 305.97839998 289.62160002 -51.97425436 -332.2087026 189.31000000 85.090000000 2.6725196927 189.23048640
 535.49000000 505652.66014 6344507.2938 305.59711940 290.00288060 -52.73986004 -336.7062351 190.17032894 85.359479549 5.8866538349 190.09081534
 540.07000000 505651.82680 6344502.8065 305.23735118 290.36264882 -53.57320250 -341.1934858 191.03000000 85.630000000 5.8866538349 190.95048640
 544.88000000 505650.89985 6344498.1047 304.84824198 290.75175802 -54.50015292 -345.8952753 191.43467208 85.089877933 4.2044012018 191.35515847
 549.69000000 505649.94046 6344493.4134 304.41396610 291.18603390 -55.45953705 -350.5865953 191.84000000 84.550000000 4.2044012018 191.76048640
 554.31500000 505649.00962 6344488.9079 303.95842723 291.64157277 -56.39037603 -355.0921049 191.66512685 84.144972879 2.8594356053 191.58561325
 558.94000000 505648.09321 6344484.4028 303.47036683 292.12963317 -57.30678506 -359.5971697 191.49000000 83.740000000 2.8594356053 191.41048640
 563.57000000 505647.20035 6344479.8885 302.97714982 292.62285018 -58.19965208 -364.1115177 191.04476445 84.029821235 3.4285035291 190.96525085
 568.20000000 505646.34211 6344475.3649 302.50724031 293.09275969 -59.05788525 -368.6350579 190.60000000 84.320000000 3.4285035291 190.52048640
 572.88500000 505645.49742 6344470.7785 302.08059423 293.51940577 -59.90258458 -373.2215392 190.42977468 85.229979101 5.9272166811 190.35026107
 577.57000000 505644.66523 6344466.1834 301.72809843 293.87190157 -60.73477493 -377.8165925 190.26000000 86.140000000 5.9272166811 190.18048640
 582.15000000 505643.85728 6344461.6876 301.42037667 294.17962333 -61.54272457 -382.3123948 190.27500026 86.154999869 0.1387948196 190.19548666
 586.73000000 505643.04813 6344457.1919 301.11385125 294.48614875 -62.35186541 -386.8080646 190.29000000 86.170000000 0.1387948196 190.21048640
 591.49000000 505642.19963 6344452.5231 300.76585995 294.83414005 -63.20037034 -391.4769202 190.46981853 85.444977616 4.7071811967 190.39030493
 596.25000000 505641.33733 6344447.8616 300.35782833 295.24217167 -64.06266837 -396.1383857 190.65000000 84.720000000 4.7071811967 190.57048640
 600.85000000 505640.47452 6344443.3674 299.91013108 295.68986892 -64.92547549 -400.6326037 191.24434644 84.109684624 5.5430297701 191.16483284
 605.45000000 505639.56609 6344438.8873 299.41371846 296.18628154 -65.83390667 -405.1126961 191.84000000 83.500000000 5.5430297701 191.76048640
 610.05500000 505638.60211 6344434.4166 298.89178397 296.70821603 -66.79789300 -409.5834074 192.65497563 83.484346508 5.2760615104 192.57546203
 614.66000000 505637.57466 6344429.9602 298.36865166 297.23134834 -67.82534231 -414.0398215 193.47000000 83.470000000 5.2760615104 193.39048640
 619.29500000 505636.47509 6344425.4912 297.83467238 297.76532762 -68.92490934 -418.5087909 194.33469848 83.299243331 5.6682812215 194.25518488
 623.93000000 505635.30859 6344421.0409 297.28703446 298.31296554 -70.09141016 -422.9590997 195.20000000 83.130000000 5.6682812215 195.12048640
 628.74000000 505634.01938 6344416.4439 296.71932038 298.88067962 -71.38062027 -427.5561423 196.29041256 83.313801067 6.8499775047 196.21089895
 633.55000000 505632.64243 6344411.8704 296.16703197 299.43296803 -72.75756733 -432.1295593 197.38000000 83.500000000 6.8499775047 197.30048640
 638.18000000 505631.22771 6344407.4957 295.63880505 299.96119495 -74.17229430 -436.5043378 198.61974955 83.398467689 8.0075559877 198.54023595
 642.81000000 505629.71894 6344403.1534 295.10255050 300.49744950 -75.68105719 -440.8465994 199.86000000 83.300000000 8.0075559877 199.78048640
 647.53000000 505628.08899 6344398.7596 294.55670281 301.04329719 -77.31100931 -445.2403908 201.00527666 83.418697411 7.2697133067 200.92576305
 652.25000000 505626.37115 6344394.3982 294.02067586 301.57932414 -79.02885081 -449.6017879 202.15000000 83.540000000 7.2697133067 202.07048640
 656.87500000 505624.61147 6344390.1518 293.52616078 302.07383922 -80.78853474 -453.8482050 203.02600327 84.184326488 7.0274643180 202.94648967
 661.50000000 505622.78505 6344385.9279 293.08344358 302.51655642 -82.61495159 -458.0720960 203.90000000 84.830000000 7.0274643180 203.82048640
 666.19500000 505620.86955 6344381.6639 292.66626624 302.93373376 -84.53044917 -462.3361395 204.64016468 84.974583011 4.8005142106 204.56065107
 670.89000000 505618.89870 6344377.4240 292.26092516 303.33907484 -86.50129592 -466.5760320 205.38000000 85.120000000 4.8005142106 205.30048640
 675.51500000 505616.88814 6344373.2798 291.86561703 303.73438297 -88.51185731 -470.7202214 206.53992148 85.073995433 7.5022199662 206.46040788
 680.14000000 505614.79424 6344369.1774 291.46668973 304.13331027 -90.60576174 -474.8225811 207.70000000 85.030000000 7.5022199662 207.62048640
 684.82000000 505612.58964 6344365.0707 291.06789735 304.53210265 -92.81035536 -478.9292742 208.91529417 85.193924493 7.8328148423 208.83578056
 689.50000000 505610.29791 6344361.0107 290.68253554 304.91746446 -95.10208700 -482.9892803 210.13000000 85.360000000 7.8328148423 210.05048640
 692.64333333 505608.70791 6344358.3124 290.43068018 305.16931982 -96.69208971 -485.6876037 211.04689389 85.448847477 8.7638277155 210.96738028
 695.78666667 505607.07473 6344355.6395 290.18371560 305.41628440 -98.32526534 -488.3604734 211.96355998 85.538855251 8.7638277155 211.88404638
 698.93000000 505605.39881 6344352.9928 289.94170522 305.65829478 -100.0011944 -491.0072030 212.88000000 85.630000000 8.7638277155 212.80048640
 703.64000000 505602.82139 6344349.0691 289.58421597 306.01578403 -102.5786055 -494.9308580 213.88004631 85.664342176 6.3551137685 213.80053271
 708.35000000 505600.17578 6344345.1909 289.22959574 306.37040426 -105.2242238 -498.8091130 214.88000000 85.700000000 6.3551137685 214.80048640
 711.44000000 505598.39883 6344342.6757 288.99214202 306.60785798 -107.0011681 -501.3243471 215.75947405 85.485589808 8.7641348405 215.67996045
 714.53000000 505596.58401 6344340.1887 288.74318916 306.85681084 -108.8159859 -503.8112692 216.63946666 85.272239481 8.7641348405 216.55995305
 717.62000000 505594.73177 6344337.7307 288.48279895 307.11720105 -110.6682267 -506.2692619 217.52000000 85.060000000 8.7641348405 217.44048640
 720.69666667 505592.85120 6344335.3116 288.21934285 307.38065715 -112.5488022 -508.6883996 218.36014100 85.115625868 8.1799704413 218.28062740
 723.77333333 505590.93520 6344332.9201 287.95889091 307.64110909 -114.4648042 -511.0799054 219.20014130 85.172296653 8.1799704413 219.12062770
 726.85000000 505588.98418 6344330.5567 287.70149896 307.89850104 -116.4158219 -513.4432668 220.04000000 85.230000000 8.1799704413 219.96048640
 731.66000000 505585.87586 6344326.9072 287.33245342 308.26754658 -119.5241387 -517.0927980 220.96083726 85.969482133 7.3527178850 220.88132365
 736.47000000 505582.70647 6344323.3048 287.02537800 308.57462200 -122.6935335 -520.6952296 221.88000000 86.710000000 7.3527178850 221.80048640
 741.12000000 505579.58654 6344319.8683 286.77754114 308.82245886 -125.8134550 -524.1317108 222.75035157 87.179675397 6.3735625105 222.67083797
 745.77000000 505576.41352 6344316.4782 286.56780278 309.03219722 -128.9864767 -527.5217941 223.62000000 87.650000000 6.3735625105 223.54048640
 750.51000000 505573.13335 6344313.0637 286.39141882 309.20858118 -132.2666466 -530.9362807 224.24015740 88.084887960 4.7917216479 224.16064379
 755.25000000 505569.81559 6344309.6841 286.25100189 309.34899811 -135.5844137 -534.3159317 224.86000000 88.520000000 4.7917216479 224.78048640
 759.87500000 505566.54766 6344306.4153 286.15394035 309.44605965 -138.8523386 -537.5846501 225.28506647 89.074974556 4.5340367618 225.20555287
 764.50000000 505563.25507 6344303.1705 286.10167324 309.49832676 -142.1449341 -540.8295465 225.71000000 89.630000000 4.5340367618 225.63048640
 769.15000000 505559.93068 6344299.9218 286.09416618 309.50583382 -145.4693185 -544.0781559 225.76999812 90.185000101 3.6015076613 225.69048452
 773.80000000 505556.60300 6344296.6768 286.13170112 309.46829888 -148.7969988 -547.3231808 225.83000000 90.740000000 3.6015076613 225.75048640
 778.54000000 505553.21917 6344293.3606 286.17203100 309.42796900 -152.1808330 -550.6394248 225.48498753 90.235004260 3.8708361723 225.40547392
 783.28000000 505549.85524 6344290.0239 286.17058343 309.42941657 -155.5447596 -553.9761042 225.14000000 89.730000000 3.8708361723 225.06048640
 787.90500000 505546.58789 6344286.7532 286.15221929 309.44778071 -158.8121100 -557.2468220 224.95999914 89.814999087 1.2911960057 224.88048553
 792.53000000 505543.33082 6344283.4722 286.14071644 309.45928356 -162.0691846 -560.5278040 224.78000000 89.900000000 1.2911960057 224.70048640
 797.10500000 505540.12115 6344280.2146 286.13612512 309.46387488 -165.2788534 -563.7853902 224.52999990 89.984999857 1.7315070400 224.45048630
 801.68000000 505536.92572 6344276.9430 286.13832096 309.46167904 -168.4742791 -567.0569514 224.28000000 90.070000000 1.7315070400 224.20048640
 806.34000000 505533.68071 6344273.6012 286.12286788 309.47713212 -171.7192917 -570.3987695 224.19500606 89.549999505 3.3920646428 224.11549246
 811.00000000 505530.44089 6344270.2548 286.06512356 309.53487644 -174.9591123 -573.7451594 224.11000000 89.030000000 3.3920646428 224.03048640
 819.50000000 505524.53227 6344264.1503 285.94459090 309.65540910 -180.8677295 -579.8497315 224.18000440 89.344999511 1.1388811315 224.10049080
 828.00000000 505518.61583 6344258.0525 285.87078626 309.72921374 -186.7841723 -585.9474637 224.25000000 89.660000000 1.1388811315 224.17048640
 833.88500000 505514.51502 6344253.8349 285.84716243 309.75283757 -190.8849818 -590.1650825 224.30000040 89.879999954 1.1500946402 224.22048680
 839.77000000 505510.41050 6344249.6208 285.84613530 309.75386470 -194.9895032 -594.3791551 224.35000000 90.100000000 1.1500946402 224.27048640
 844.40000000 505507.18303 6344246.3038 285.85987279 309.74012721 -198.2169692 -597.6962363 224.24000113 90.240000442 1.1536346067 224.16048752
 849.03000000 505503.96197 6344242.9805 285.88492340 309.71507660 -201.4380279 -601.0194736 224.13000000 90.380000000 1.1536346067 224.05048640
 853.66500000 505500.74136 6344239.6499 285.91202341 309.68797659 -204.6586365 -604.3500890 224.10499980 90.290000028 0.6045800647 224.02548620
 858.30000000 505497.52218 6344236.3179 285.93184287 309.66815713 -207.8778172 -607.6821359 224.08000000 90.200000000 0.6045800647 224.00048640
 862.94000000 505494.30679 6344232.9752 285.93670184 309.66329816 -211.0932084 -611.0248236 223.85500154 89.919999383 2.3224125177 223.77548793
 867.58000000 505491.10457 6344229.6199 285.91888553 309.68111447 -214.2954263 -614.3800894 223.63000000 89.640000000 2.3224125177 223.55048640
 872.22500000 505487.91304 6344226.2477 285.88888944 309.71111056 -217.4869567 -617.7523264 223.37500059 89.619996237 1.6519538101 223.29548699
 876.87000000 505484.73656 6344222.8613 285.85727196 309.74272804 -220.6634397 -621.1387264 223.12000000 89.600000000 1.6519538101 223.04048640
 881.52000000 505481.57726 6344219.4520 285.83231569 309.76768431 -223.8227437 -624.5480184 222.67999467 89.784993660 3.0793974915 222.60048106
 886.17000000 505478.44419 6344216.0185 285.82237356 309.77762644 -226.9558115 -627.9815129 222.24000000 89.970000000 3.0793974915 222.16048640
 890.63500000 505475.44916 6344212.7094 285.82588036 309.77411964 -229.9508410 -631.2906015 222.21500014 90.120000011 1.0217405345 222.13548653
 895.10000000 505472.45559 6344209.3990 285.84107648 309.75892352 -232.9444100 -634.6009786 222.19000000 90.270000000 1.0217405345 222.11048640
 902.10000000 505467.77409 6344204.1989 285.89208356 309.70791644 -237.6259113 -639.8011339 221.96001168 90.565004552 1.6031057209 221.88049807
 909.10000000 505463.11374 6344198.9802 285.97912991 309.62087009 -242.2862637 -645.0197750 221.73000000 90.860000000 1.6031057209 221.65048640
 916.22500000 505458.39042 6344193.6510 286.09850531 309.50149469 -247.0095767 -650.3490367 221.53001292 91.060006456 1.1908135776 221.45049931
 923.35000000 505453.68605 6344188.3056 286.24274739 309.35725261 -251.7139545 -655.6944080 221.33000000 91.260000000 1.1908135776 221.25048640
 930.35000000 505449.06896 6344183.0497 286.38018323 309.21981677 -256.3310411 -660.9502980 221.42500774 90.990001361 1.2266597674 221.34549413
 937.35000000 505444.44279 6344177.8010 286.48463732 309.11536268 -260.9572127 -666.1989527 221.52000000 90.720000000 1.2266597674 221.44048640
 944.54000000 505439.67196 6344172.4262 286.55459685 309.04540315 -265.7280401 -671.5737870 221.82501193 90.395005596 1.8596479055 221.74549832
 951.73000000 505434.87240 6344167.0766 286.58377339 309.01622661 -270.5275988 -676.9233584 222.13000000 90.070000000 1.8596479055 222.05048640
 958.73000000 505430.18669 6344161.8800 286.59140920 309.00859080 -275.2133120 -682.1199799 222.10999999 90.055000003 0.1071428248 222.03048639
 965.73000000 505425.50279 6344156.6818 286.59721242 309.00278758 -279.8972122 -687.3182381 222.09000000 90.040000000 0.1071428248 222.01048640
 972.76500000 505420.79593 6344151.4571 286.60672817 308.99327183 -284.6040730 -692.5428950 222.09999997 90.115000002 0.3226598154 222.02048637
 979.80000000 505416.08817 6344146.2333 286.62545269 308.97454731 -289.3118332 -697.7667166 222.11000000 90.190000000 0.3226598154 222.03048640
 986.80000000 505411.39706 6344141.0416 286.65782850 308.94217150 -294.0029357 -702.9583734 222.24999782 90.340001015 0.8793473755 222.17048422
 993.80000000 505406.69336 6344135.8615 286.70852995 308.89147005 -298.7066368 -708.1384717 222.39000000 90.490000000 0.8793473755 222.31048640
 1000.5750000 505402.14660 6344130.8428 286.76824388 308.83175612 -303.2533979 -713.1571627 222.12000128 90.520005773 1.2028803991 222.04048768
 1007.3500000 505397.62356 6344125.8028 286.83150506 308.76849494 -307.7764370 -718.1972001 221.85000000 90.550000000 1.2028803991 221.77048640
 1014.3500000 505392.95886 6344120.5875 286.87945757 308.72054243 -312.4411392 -723.4124630 221.93000180 90.235000229 1.3928560078 221.85048820
 1021.3500000 505388.28678 6344115.3787 286.88892598 308.71107402 -317.1132241 -728.6213251 222.01000000 89.920000000 1.3928560078 221.93048640
 1028.5250000 505383.47974 6344110.0559 286.88329073 308.71670927 -321.9202574 -733.9440831 222.32000007 89.989999854 1.3288009414 222.24048646
 1035.7000000 505378.64398 6344104.7592 286.88642141 308.71357859 -326.7560201 -739.2407559 222.63000000 90.060000000 1.3288009414 222.55048640
 1042.7000000 505373.91153 6344099.6052 286.90077673 308.69922327 -331.4884700 -744.3948356 222.64499991 90.175000006 0.4970319630 222.56548630
 1049.7000000 505369.17776 6344094.4524 286.92918188 308.67081812 -336.2222400 -749.5476447 222.66000000 90.290000000 0.4970319630 222.58048640
 1056.5700000 505364.53106 6344089.3961 286.96875002 308.63124998 -340.8689413 -754.6039060 222.66499995 90.370000001 0.3500265987 222.58548635
 1063.4400000 505359.88396 6344084.3403 287.01791029 308.58208971 -345.5160420 -759.6597161 222.67000000 90.450000000 0.3500265987 222.59048640
 1070.4400000 505355.13817 6344079.1988 287.07319333 308.52680667 -350.2618284 -764.8012364 222.90499984 90.455003827 1.0073390438 222.82548623
 1077.4400000 505350.37134 6344074.0768 287.12908721 308.47091279 -355.0286596 -769.9232450 223.14000000 90.460000000 1.0073390438 223.06048640
 1084.3800000 505345.62502 6344069.0177 287.18450199 308.41549801 -359.7749793 -774.9823388 223.36500016 90.455003508 0.9728319403 223.28548655
 1091.3200000 505340.85887 6344063.9772 287.23931115 308.36068885 -364.5411326 -780.0227584 223.59000000 90.450000000 0.9728319403 223.51048640
 1098.3200000 505336.04155 6344058.9027 287.29825894 308.30174106 -369.3584472 -785.0972874 223.59000000 90.515000000 0.2785714286 223.51048640
 1105.3200000 505331.22429 6344053.8282 287.36514766 308.23485234 -374.1757127 -790.1717646 223.59000000 90.580000000 0.2785714286 223.51048640
 1112.3950000 505326.35808 6344048.6968 287.42997484 308.17002516 -379.0419228 -795.3031780 223.52999906 90.470000258 0.5313017240 223.45048545
 1119.4700000 505321.49717 6344043.5602 287.48121945 308.11878055 -383.9028332 -800.4397654 223.47000000 90.360000000 0.5313017240 223.39048640
 1126.4700000 505316.68267 6344038.4829 287.52703417 308.07296583 -388.7173345 -805.5170957 223.64499938 90.390001819 0.7609234516 223.56548577
 1133.4700000 505311.85270 6344033.4203 287.57651399 308.02348601 -393.5473039 -810.5796791 223.82000000 90.420000000 0.7609234516 223.74048640
 1140.5900000 505306.93064 6344028.2797 287.59732869 308.00267131 -398.4693650 -815.7203445 223.84999961 89.914999988 2.1315601657 223.77048600
 1147.7100000 505302.00595 6344023.1416 287.55538880 308.04461120 -403.3940525 -820.8583649 223.88000000 89.410000000 2.1315601657 223.80048640
 1154.7100000 505297.16197 6344018.0927 287.48636215 308.11363785 -408.2380278 -825.9073232 223.90500021 89.459999949 0.2395765777 223.82548660
 1161.7100000 505292.31575 6344013.0458 287.42344387 308.17655613 -413.0842455 -830.9542090 223.93000000 89.510000000 0.2395765777 223.85048640
 1168.9200000 505287.32279 6344007.8488 287.35863805 308.24136195 -418.0772105 -836.1511944 223.93499996 89.459999998 0.2090819249 223.85548636
 1176.1300000 505282.32941 6344002.6523 287.28754060 308.31245940 -423.0705880 -841.3477014 223.94000000 89.410000000 0.2090819249 223.86048640
 1183.1300000 505277.47709 6343997.6114 287.21545971 308.38454029 -427.9229063 -846.3885986 224.03500000 89.409999189 0.4071212711 223.95548640
 1190.1300000 505272.61642 6343992.5786 287.14337882 308.45662118 -432.7835762 -851.4214434 224.13000000 89.410000000 0.4071212711 224.05048640
 1197.2150000 505267.68085 6343987.4997 287.09237077 308.50762923 -437.7191485 -856.5002611 224.39000661 89.764997580 1.8632016923 224.31049300
 1204.3000000 505262.72216 6343982.4432 287.08526037 308.51473963 -442.6778426 -861.5567585 224.65000000 90.120000000 1.8632016923 224.57048640
 1211.3000000 505257.80750 6343977.4626 287.10083743 308.49916257 -447.5925012 -866.5373927 224.74499994 90.135000186 0.4121856804 224.66548634
 1218.3000000 505252.88459 6343972.4901 287.11824709 308.48175291 -452.5154082 -871.5098683 224.84000000 90.150000000 0.4121856804 224.76048640
 1225.3050000 505247.97165 6343967.5008 287.12833362 308.47166638 -457.4283514 -876.4992040 224.43499975 90.015000375 1.8282959976 224.35548615
 1232.3100000 505243.09409 6343962.4769 287.12191496 308.47808504 -462.3059077 -881.5231453 224.03000000 89.880000000 1.8282959976 223.95048640
 1239.3100000 505238.25078 6343957.4268 287.10847582 308.49152418 -467.1492230 -886.5731798 223.73499982 89.899998675 1.2671860053 223.65548622
 1246.3100000 505233.43352 6343952.3519 287.09748014 308.50251986 -471.9664760 -891.6480872 223.44000000 89.920000000 1.2671860053 223.36048640
 1253.1900000 505228.71586 6343947.3479 287.07976854 308.52023146 -476.6841382 -896.6520745 223.34500084 89.784999704 0.7198051077 223.26548724
 1260.0700000 505224.00654 6343942.3362 287.04584644 308.55415356 -481.3934553 -901.6638328 223.25000000 89.650000000 0.7198051077 223.17048640
 1267.0700000 505219.21600 6343937.2362 287.00461326 308.59538674 -486.1839980 -906.7638166 223.32500019 89.674999722 0.3388105483 223.24548658
 1274.0700000 505214.41878 6343932.1425 286.96643435 308.63356565 -490.9812243 -911.8575378 223.40000000 89.700000000 0.3388105483 223.32048640
 1281.0850000 505209.62351 6343927.0263 286.94011070 308.65988930 -495.7764948 -916.9737275 223.04999764 89.869997574 1.6640068005 222.97048404
 1288.1000000 505204.85954 6343921.8809 286.93460096 308.66539904 -500.5404552 -922.1191487 222.70000000 90.040000000 1.6640068005 222.62048640
 1295.1000000 505200.10804 6343916.7444 286.95720324 308.64279676 -505.2919631 -927.2556151 222.99999125 90.330004524 1.7882075238 222.92047765
 1302.1000000 505195.32984 6343911.6330 287.01523512 308.58476488 -510.0701607 -932.3669834 223.30000000 90.620000000 1.7882075238 223.22048640
 1308.9950000 505190.61377 6343906.6075 287.09074730 308.50925270 -514.7862326 -937.3925174 223.22000023 90.635000619 0.3541230157 223.14048663
 1315.8900000 505185.90473 6343901.5754 287.16806447 308.43193553 -519.4952692 -942.4246167 223.14000000 90.650000000 0.3541230157 223.06048640
 1322.8900000 505181.13892 6343896.4527 287.24319992 308.35680008 -524.2610827 -947.5473244 222.88499685 90.580005744 1.1332315545 222.80548324
 1329.8900000 505176.39589 6343891.3087 287.30978368 308.29021632 -529.0041087 -952.6912556 222.63000000 90.510000000 1.1332315545 222.55048640
 1337.2800000 505171.41520 6343885.8538 287.37878756 308.22121244 -533.9847977 -958.1461893 222.32500260 90.560007934 1.2546283147 222.24548900
 1344.6700000 505166.46366 6343880.3725 287.45424014 308.14575986 -538.9363360 -963.6275123 222.02000000 90.610000000 1.2546283147 221.94048640
 1351.6700000 505161.77936 6343875.1751 287.53029160 308.06970840 -543.6206399 -968.8248500 222.19499915 90.635002962 0.7575687871 222.11548555
 1358.6700000 505157.07923 6343869.9922 287.60939721 307.99060279 -548.3207735 -974.0078311 222.37000000 90.660000000 0.7575687871 222.29048640
 1365.7950000 505152.28140 6343864.7292 287.69457829 307.90542171 -553.1185972 -979.2707835 222.49499865 90.710001690 0.5668218723 222.41548504
 1372.9200000 505147.47216 6343859.4768 287.78597664 307.81402336 -557.9278395 -984.5231993 222.62000000 90.760000000 0.5668218723 222.54048640
 1379.9200000 505142.75138 6343854.3124 287.84767321 307.75232679 -562.6486164 -989.6875887 222.39999146 90.250001843 2.3803962121 222.32047785
 1386.9200000 505138.05029 6343849.1297 287.84706246 307.75293754 -567.3497117 -994.8702674 222.18000000 89.740000000 2.3803962121 222.10048640
 1393.9050000 505133.36267 6343843.9551 287.81993723 307.78006277 -572.0373294 -1000.044889 222.32500061 89.814999408 0.7011348706 222.24548701
 1400.8900000 505128.66195 6343838.7923 287.80195529 307.79804471 -576.7380474 -1005.207652 222.47000000 89.890000000 0.7011348706 222.39048640
 1407.8900000 505123.94279 6343833.6261 287.78637824 307.81362176 -581.4572120 -1010.373896 222.50999994 89.854999965 0.2277884177 222.43048633
 1414.8900000 505119.22003 6343828.4632 287.76652514 307.83347486 -586.1799749 -1015.536837 222.55000000 89.820000000 0.2277884177 222.47048640
 1421.7250000 505114.60441 6343823.4257 287.74594708 307.85405292 -590.7955909 -1020.574252 222.60500004 89.834999924 0.2502204124 222.52548644
 1428.5600000 505109.98396 6343818.3928 287.72715841 307.87284159 -595.4160439 -1025.607237 222.66000000 89.850000000 0.2502204124 222.58048640
 1435.5600000 505105.25309 6343813.2372 287.70638901 307.89361099 -600.1469088 -1030.762751 222.58000019 89.809999815 0.3833242280 222.50048658
 1442.5600000 505100.52944 6343808.0751 287.68073271 307.91926729 -604.8705597 -1035.924852 222.50000000 89.770000000 0.3833242280 222.42048640
 1449.5800000 505095.78823 6343802.9020 287.65439045 307.94560955 -609.6117684 -1041.097977 222.67000031 89.799999120 0.7377168266 222.59048671
 1456.6000000 505091.03169 6343797.7430 287.63172382 307.96827618 -614.3683138 -1046.257022 222.84000000 89.830000000 0.7377168266 222.76048640
 1463.6000000 505086.28665 6343792.6005 287.61981195 307.98018805 -619.1133450 -1051.399524 222.71499986 89.974999941 0.8204648670 222.63548626
 1470.6000000 505081.55285 6343787.4476 287.62561517 307.97438483 -623.8471510 -1056.552372 222.59000000 90.120000000 0.8204648670 222.51048640
 1477.6750000 505076.76810 6343782.2398 287.64043303 307.95956697 -628.6318959 -1061.760212 222.72000000 90.120000309 0.5512355401 222.64048640
 1484.7500000 505071.97156 6343777.0428 287.65525089 307.94474911 -633.4284448 -1066.957182 222.85000000 90.120000000 0.5512355401 222.77048640
 1491.7500000 505067.21711 6343771.9090 287.66838449 307.93161551 -638.1828926 -1072.090980 222.91500005 90.095000061 0.2984650974 222.83548644
 1498.7500000 505062.45684 6343766.7806 287.67846377 307.92153623 -642.9431649 -1077.219385 222.98000000 90.070000000 0.2984650974 222.90048640
 1505.7900000 505057.66779 6343761.6244 287.69075088 307.90924912 -647.7322116 -1082.375631 222.95000007 90.130000018 0.2858608054 222.87048647
 1512.8300000 505052.88145 6343756.4656 287.71041024 307.88958976 -652.5185465 -1087.534370 222.92000000 90.190000000 0.2858608054 222.84048640
 1519.8300000 505048.13853 6343751.3214 287.75256026 307.84743974 -657.2614696 -1092.678638 222.59001558 90.500008293 1.9403953926 222.51050198
 1526.8300000 505043.42554 6343746.1501 287.83258250 307.76741750 -661.9744631 -1097.849893 222.26000000 90.810000000 1.9403953926 222.18048640
 1533.8500000 505038.70427 6343740.9598 287.93764181 307.66235819 -666.6957288 -1103.040227 222.47999424 90.905006670 1.0239737275 222.40048063
 1540.8700000 505033.96324 6343735.7877 288.05433929 307.54566071 -671.4367650 -1108.212258 222.70000000 91.000000000 1.0239737275 222.62048640
 1547.8700000 505029.21583 6343730.6490 288.18047679 307.41952321 -676.1841713 -1113.351033 222.92499525 91.065008210 1.0035573473 222.84548165
 1554.8700000 505024.44838 6343725.5290 288.31455418 307.28544582 -680.9516202 -1118.471017 223.15000000 91.130000000 1.0035573473 223.07048640
 1561.9150000 505019.64111 6343720.3847 288.45225887 307.14774113 -685.7588948 -1123.615288 223.12999986 91.110000068 0.1204327208 223.05048626
 1568.9600000 505014.83559 6343715.2387 288.58750486 307.01249514 -690.5644060 -1128.761271 223.11000000 91.090000000 0.1204327208 223.03048640
 1575.9600000 505010.05464 6343710.1311 288.71272581 306.88727419 -695.3453563 -1133.868876 223.26500589 90.960003512 0.8669250518 223.18549229
 1582.9600000 505005.25971 6343705.0363 288.82206650 306.77793350 -700.1402888 -1138.963723 223.42000000 90.830000000 0.8669250518 223.34048640
 1589.9900000 505000.44768 6343699.9157 288.88954860 306.71045140 -704.9523182 -1144.084344 223.17998895 90.270002369 2.5999685354 223.10047534
 1597.0200000 504995.65692 6343694.7747 288.88832178 306.71167822 -709.7430774 -1149.225313 222.94000000 89.710000000 2.5999685354 222.86048640
 1604.0200000 504990.89535 6343689.6476 288.85777861 306.74222139 -714.5046516 -1154.352428 222.98500023 89.789999935 0.3933756146 222.90548663
 1611.0200000 504986.12972 6343684.5242 288.83700922 306.76299078 -719.2702755 -1159.475828 223.03000000 89.870000000 0.3933756146 222.95048640
 1618.0650000 504981.33030 6343679.3707 288.82778734 306.77221266 -724.0697013 -1164.629251 223.05500002 89.979999998 0.4803625464 222.97548641
 1625.1100000 504976.52862 6343674.2194 288.83209089 306.76790911 -728.8713784 -1169.780582 223.08000000 90.090000000 0.4803625464 223.00048640
 1632.1100000 504971.75472 6343669.1037 288.84583535 306.75416465 -733.6452796 -1174.896295 223.11999993 90.135000033 0.2580338417 223.04048632
 1639.1100000 504966.97726 6343663.9913 288.86507758 306.73492242 -738.4227422 -1180.008663 223.16000000 90.180000000 0.2580338417 223.08048640
 1645.8650000 504962.36981 6343659.0553 288.88629903 306.71370097 -743.0301887 -1184.944707 223.05500000 90.180000302 0.4663189423 222.97548640
 1652.6200000 504957.77142 6343654.1108 288.90752047 306.69247953 -747.6285817 -1189.889187 222.95000000 90.180000000 0.4663189423 222.87048640
 1659.6200000 504953.00757 6343648.9857 288.91698888 306.68301112 -752.3924312 -1195.014265 223.02499988 89.974999979 0.9355231804 222.94548628
 1666.6200000 504948.23702 6343643.8669 288.90141183 306.69858817 -757.1629779 -1200.133095 223.10000000 89.770000000 0.9355231804 223.02048640
 1673.4400000 504943.59242 6343638.8767 288.88236680 306.71763320 -761.8075819 -1205.123332 222.94999942 89.909999692 0.9025627605 222.87048582
 1680.2600000 504938.96088 6343633.8743 288.87998615 306.72001385 -766.4391234 -1210.125731 222.80000000 90.050000000 0.9025627605 222.72048640
 1687.2600000 504934.21472 6343628.7328 288.88640023 306.71359977 -771.1852835 -1215.267205 222.78000000 90.055000003 0.0883522250 222.70048640
 1694.2600000 504929.47035 6343623.5897 288.89342518 306.70657482 -775.9296482 -1220.410335 222.76000000 90.060000000 0.0883522250 222.68048640
 1701.2000000 504924.76110 6343618.4958 288.90553780 306.69446220 -780.6388999 -1225.504241 222.90499951 90.140000448 0.7158697321 222.82548590
 1708.1400000 504920.03899 6343613.4138 288.92734045 306.67265955 -785.3610117 -1230.586195 223.05000000 90.220000000 0.7158697321 222.97048640
 1715.1400000 504915.26669 6343608.2967 288.96032706 306.63967294 -790.1333057 -1235.703318 223.11499937 90.320000206 0.5111487169 223.03548576
 1722.1400000 504910.48864 6343603.1850 289.00553079 306.59446921 -794.9113552 -1240.814973 223.18000000 90.420000000 0.5111487169 223.10048640
 1729.1550000 504905.69528 6343598.0673 289.06307453 306.53692547 -799.7047207 -1245.932708 223.22999921 90.520000198 0.4781288666 223.15048560
 1736.1700000 504900.89753 6343592.9538 289.13286125 306.46713875 -804.5024743 -1251.046178 223.28000000 90.620000000 0.4781288666 223.20048640
 1746.0850000 504894.12300 6343585.7202 289.23020017 306.36979983 -811.2769999 -1258.279773 223.12499726 90.505001848 0.5839566475 223.04548365
 1756.0000000 504887.36795 6343578.4682 289.30763918 306.29236082 -818.0320514 -1265.531797 222.97000000 90.390000000 0.5839566475 222.89048640
 1767.0000000 504879.88349 6343570.4134 289.38779272 306.21220728 -825.5165072 -1273.586595 222.98499989 90.445000015 0.1554781408 222.90548628
 1778.0000000 504872.39698 6343562.3606 289.47850518 306.12149482 -833.0030156 -1281.639374 223.00000000 90.500000000 0.1554781408 222.92048640
